1 3749 4.48567758836844 2.11794182837217
2 3751 4.75773887336254 0.131374706887236
3 3753 5.29934525489807 0.142840658021377
4 3755 5.86473803222179 0.148373419798293
5 3757 5.78314280509949 0.140523499557065
6 3759 5.46969027072191 0.136761446795141
7 3761 5.61294250190258 0.128637807416293
8 3763 6.24873071908951 0.131963221635424
9 3765 6.44199407100677 0.125837998175769
10 3767 6.16094453632832 0.123123451141409
11 3769 5.77819034457207 0.11815346674161
12 3771 5.65445863455534 0.118331239585244
13 3773 5.90359525382519 0.121097657247172
14 3775 5.90496674180031 0.11886930620512
15 3777 5.55113782733679 0.115304755887384
16 3779 5.18041671812534 0.110968947472764
17 3781 5.34119558334351 0.115525930048084
18 3783 5.46503856033087 0.113388980352766
19 3785 5.68966646492481 0.115809059136203
20 3787 5.98041567206383 0.117919433025338
21 3789 6.04864079505205 0.115112975395091
22 3791 5.76243335008621 0.113539082555259
23 3793 5.37871756404638 0.109265893019393
24 3795 5.27679217606783 0.106820651291842
25 3797 5.98805366456509 0.106295939528135
26 3799 7.12463408708572 0.111789488105775
27 3801 7.96261477470398 0.114067389242648
28 3803 7.7333809286356 0.109220145047736
29 3805 6.63745693862438 0.105126110023527
30 3807 5.51057235896587 0.0959495597242796
31 3809 4.9315654411912 0.0930599161940541
32 3811 4.90276270359755 0.0953701850854033
33 3813 5.20831401646137 0.0988824511374387
34 3815 5.54143123328686 0.100813075291927
35 3817 5.51336400210857 0.101513038000074
36 3819 5.15016990154982 0.0990264446325784
37 3821 5.03071341663599 0.0998019659158541
38 3823 4.96517065912485 0.0941016332702573
39 3825 5.18067472428083 0.0954306246922567
40 3827 5.67666698992252 0.101084644576423
41 3829 5.97818672657013 0.101750631895439
42 3831 6.07796713709831 0.101164614446263
43 3833 6.07412208616734 0.0977053851212019
44 3835 5.95946928858757 0.0955326256746374
45 3837 5.85206447541714 0.0919829992989826
46 3839 5.91417860984802 0.089879101598288
47 3841 5.87865953147411 0.086721989659471
48 3843 5.83527825027704 0.0872956732868886
49 3845 5.78325910121202 0.0846682633984311
50 3847 5.82681955397129 0.0863970940252251
51 3849 6.00498470664024 0.0877257126403242
52 3851 6.40058782696724 0.0867452784246776
53 3853 6.82812657952309 0.0907598563787417
54 3855 7.19067177176476 0.0931759253323134
55 3857 7.33706180751324 0.0941715426796002
56 3859 7.07358182966709 0.0882750030303916
57 3861 6.58959539234638 0.0900995588031332
58 3863 6.15094037353992 0.0859006821094074
59 3865 6.05545303225517 0.0853939885850538
60 3867 5.98057606816292 0.0832449690761284
61 3869 5.71815954148769 0.0808931015285618
62 3871 5.37594255805016 0.0758304938883918
63 3873 5.43233775347471 0.0774261246674472
64 3875 5.75263340771198 0.0775675026812511
65 3877 6.26342983543873 0.078311598371707
66 3879 6.71646372973919 0.0797919856615046
67 3881 6.93260149657726 0.0777503195768865
68 3883 6.96367147564888 0.0785200402891246
69 3885 6.92695872485638 0.0760905870606094
70 3887 6.69758109748363 0.0754963574616094
71 3889 6.20215234160423 0.0755806115674819
72 3891 5.83287763595581 0.07519128957504
73 3893 5.70253889262676 0.0750349942130187
74 3895 5.59515740722418 0.0757302904946572
75 3897 5.35388503968716 0.0755942803929983
76 3899 5.24846626073122 0.0751043786493795
77 3901 5.1361183822155 0.0770261766639042
78 3903 4.8685604557395 0.0758784061689523
79 3905 4.67426757514477 0.0757326112810145
80 3907 4.59376068413258 0.0760198676204911
81 3909 4.50646477937698 0.074967299580996
82 3911 4.54048507660627 0.0745113894575561
83 3913 4.66704220324755 0.072319298831962
84 3915 4.89278665184975 0.069633023114352
85 3917 5.19476725906134 0.0700016998468431
86 3919 5.64134930074215 0.0676681652688097
87 3921 6.01380993425846 0.0698889181511784
88 3923 6.2361257225275 0.0678993284987539
89 3925 6.42341004312038 0.0705014812269318
90 3927 6.38739505410194 0.0693510077551472
91 3929 6.17860701680183 0.0690838647283605
92 3931 5.89504161477089 0.0673791192026012
93 3933 5.66910594701767 0.0665125550505193
94 3935 5.52817264944315 0.0669165989845686
95 3937 5.72155739367008 0.0695974504885834
96 3939 6.06793983280659 0.0722745176221442
97 3941 6.35577647387981 0.0749308507322065
98 3943 6.4645137488842 0.0761877448502171
99 3945 6.3171865940094 0.0744570098649096
100 3947 6.03768719732761 0.0744096917928984
101 3949 5.74561324715614 0.0704222184221518
102 3951 5.80007536709309 0.0698870591888792
103 3953 6.02384100854397 0.0699915769982526
104 3955 5.91185069084167 0.0697585820690989
105 3957 5.72074184566736 0.0667825179684115
106 3959 5.63694213330746 0.0647746134795786
107 3961 5.63572981953621 0.0627862633466953
108 3963 5.80738273262978 0.0641839922455979
109 3965 5.97969783842564 0.061987179652876
110 3967 6.10528012365103 0.0609136404644049
111 3969 6.28123113512993 0.0619524166774675
112 3971 6.4687657058239 0.062880715750174
113 3973 6.78054411709309 0.0640043469983272
114 3975 7.02759256958962 0.0659604341177207
115 3977 7.06904946267605 0.0679037453728877
116 3979 6.95301409065723 0.0679093488888493
117 3981 6.80238926410675 0.067755366324466
118 3983 6.8267824947834 0.0686958610014071
119 3985 7.07706342637539 0.0693034005675806
120 3987 7.3315147459507 0.0707101376985247
121 3989 7.44903466105461 0.0708094037491954
122 3991 7.48233932256699 0.0708802300859862
123 3993 7.37288498878479 0.0706156570175158
124 3995 7.09410193562508 0.069234550614582
125 3997 6.82435856759548 0.0693883217949167
126 3999 6.6552147269249 0.0673869169534621
127 4001 6.31759992241859 0.067471644295849
128 4003 5.91208209097385 0.065019454538199
129 4005 5.33948388695717 0.0612631289271783
130 4007 4.682832069695 0.0582460956306318
131 4009 4.08913487941027 0.056507578745097
132 4011 3.88288597017527 0.0558765148099002
133 4013 4.14744748175144 0.0570110956756883
134 4015 4.53644542396069 0.0561614862488538
135 4017 5.17076594382524 0.0572230377934021
136 4019 5.80958120524883 0.0610300821347517
137 4021 6.19483175873756 0.0601597338658261
138 4023 6.45576442778111 0.0619165794095217
139 4025 6.85559751093388 0.0623277163118632
140 4027 7.17783388495445 0.0638795611740808
141 4029 7.37213246524334 0.0658395311914661
142 4031 7.6313019245863 0.0652438201288548
143 4033 7.62077316641807 0.0687326616074556
144 4035 7.25652933120728 0.0655732418163983
145 4037 6.90018443763256 0.0675539746420326
146 4039 6.47805997729301 0.0669884452145226
147 4041 5.90266138315201 0.0663425795773306
148 4043 5.1967533826828 0.0699754476471938
149 4045 4.71763674169779 0.0797768433610963
150 4047 4.53285769373178 0.0827052905102269
151 4049 4.75291069597006 0.0759725903797119
152 4051 5.37147234380245 0.0667344333597633
153 4053 6.15028193593025 0.0647959063330125
154 4055 6.94661578536034 0.066681058697282
155 4057 7.51999402046204 0.0662972780863182
156 4059 7.91716860234737 0.0672220325769546
157 4061 8.22608941793442 0.0691511895968045
158 4063 8.40821097791195 0.0679340155179265
159 4065 8.55093218386173 0.0700643515681104
160 4067 8.71890193223953 0.0694870467683616
161 4069 8.90302890539169 0.068652517507452
162 4071 9.00283251702785 0.0664448676463855
163 4073 8.99412398040295 0.0679698616622271
164 4075 8.99452763795853 0.0688371865179128
165 4077 9.17931470274925 0.0695277780779128
166 4079 9.3316153138876 0.0696858811729857
167 4081 9.30014829337597 0.0702812139760786
168 4083 9.17538060247898 0.0674560170928601
169 4085 9.02049091458321 0.0680583070560172
170 4087 9.07933966815472 0.0658022833439422
171 4089 9.31388640403748 0.0692599969680232
172 4091 9.49235197901726 0.068421285802771
173 4093 9.70254568755627 0.0696386706316723
174 4095 9.85550129413605 0.0729117470733646
175 4097 9.81992256641388 0.0715810203240075
176 4099 9.84700128436089 0.0738782063560604
177 4101 9.8227718770504 0.0738886162913252
178 4103 9.88821280002594 0.0761233811337247
179 4105 9.79506148397923 0.0754484459418792
180 4107 9.62557426095009 0.0758058957340514
181 4109 9.24439805746078 0.0732338661838383
182 4111 8.82122230529785 0.0706891371307729
183 4113 8.77960008382797 0.0681479262843233
184 4115 9.08093705773354 0.0693107331974515
185 4117 9.56781010329723 0.0697431126116148
186 4119 9.73834463953972 0.0697084832887482
187 4121 9.47955955564976 0.06869058236003
188 4123 8.98955264687538 0.0670867283991101
189 4125 8.71846583485603 0.0657174596297035
190 4127 8.87396751344204 0.0657619532456267
191 4129 9.27842517197132 0.0656765861716709
192 4131 9.50015304982662 0.0658268667888946
193 4133 9.21697202324867 0.0654165523442252
194 4135 8.89052990078926 0.0632185151949601
195 4137 8.85411056876183 0.0639127511326188
196 4139 8.9095870256424 0.0635029456834929
197 4141 8.89443744719028 0.0634086340336399
198 4143 8.7089666724205 0.0632132577300294
199 4145 8.59592007100582 0.0615485095660867
200 4147 8.70268230140209 0.0639586732076347
201 4149 8.98836869001389 0.0641720098006829
202 4151 9.15426328778267 0.0656579081655474
203 4153 8.96839338541031 0.0659288956683902
204 4155 8.8265435397625 0.0649426222061603
205 4157 8.80415943264961 0.065884569435157
206 4159 9.00965815782547 0.0671282207926803
207 4161 9.37467360496521 0.0685710300345564
208 4163 9.49953135848045 0.0695244820337763
209 4165 9.64983907341957 0.0712752822726529
210 4167 9.72711190581322 0.0730253557916839
211 4169 9.81176978349686 0.0722440202424233
212 4171 9.83540743589401 0.0723714948413349
213 4173 9.58081597089767 0.072008502906854
214 4175 9.17970108985901 0.0689553344772567
215 4177 8.88876070082188 0.0686031468418026
216 4179 8.684450045228 0.065821618707539
217 4181 8.60765473544598 0.0661927132322646
218 4183 8.62920013070107 0.0663151243779997
219 4185 8.61825643479824 0.0659901908290385
220 4187 8.70311678956754 2.95010453875241
221 4189 8.9549840139975 2.99248793046814
222 4191 9.16682113724458 3.02767586396638
223 4193 9.39644170694821 3.06536159481197
224 4195 9.5766945584617 3.09462349219767
225 4197 9.63768170773983 0.0642374142063697
226 4199 9.55532346665859 0.062288084529058
227 4201 9.44234782457352 0.0632920556674296
228 4203 9.34319041669369 0.0630700718563689
229 4205 9.2638686299324 0.0621963678181196
230 4207 9.12953308224678 0.062972554574393
231 4209 9.15937748551369 0.0673598661354936
232 4211 9.32620206475258 0.0802561705764718
233 4213 9.35210341034409 3.05812089531204
234 4215 9.38894400192462 3.06413837839035
235 4217 9.56477031128975 3.09269628500597
236 4219 9.51429212963916 3.08452461971682
237 4221 9.40551093892419 3.06684054670669
238 4223 9.26230514436038 3.04340354609118
239 4225 8.9532905369997 0.0618449204706535
240 4227 8.80925694108009 0.0611184028791599
241 4229 8.96479038894176 0.0631779360514907
242 4231 9.07591091096401 0.0619778607484175
243 4233 9.05801460146904 0.0630605875981015
244 4235 8.97837688028812 0.0617815574997589
245 4237 8.92684619128704 0.0640617983169445
246 4239 9.00496914982796 0.0631929980842909
247 4241 9.29407730698586 0.0659683686912501
248 4243 9.65168459713459 0.0662268600618469
249 4245 9.80079996585846 0.0683721526430143
250 4247 9.70151469111443 0.0683164886418325
251 4249 9.20778474211693 0.0652738296894785
252 4251 9.01145693659782 0.0660101566674341
253 4253 8.84849438071251 0.0655172919965929
254 4255 8.65386939048767 0.064654841654532
255 4257 8.64768797159195 0.0645050221005361
256 4259 8.81185108423233 0.0661486991931091
257 4261 8.98440885543823 0.065877608851356
258 4263 9.20855404436588 0.0667227593047741
259 4265 9.27515669167042 0.066177998264936
260 4267 9.3099127560854 0.0651554911421172
261 4269 9.31480388343334 0.0636898142546658
262 4271 9.42233346402645 0.0637419403944461
263 4273 9.49950236082077 0.0633296223028948
264 4275 9.4974779188633 0.0620199180585663
265 4277 9.39948487281799 0.0631122715686092
266 4279 9.15173691511154 0.0612890202396036
267 4281 8.98794369399548 0.0606488447262348
268 4283 8.89699518680573 0.0591235475194754
269 4285 9.05734923481941 0.0605378958710251
270 4287 9.32532560825348 0.0599148363789504
271 4289 9.61829046905041 0.0603196076668706
272 4291 9.92880399525166 0.0604235899784412
273 4293 9.95355390012264 0.059851991026344
274 4295 9.79093141853809 0.0599787642664236
275 4297 9.80529184639454 0.060020141774602
276 4299 9.74110594391823 0.0600289354524682
277 4301 9.8932249546051 0.0594288321159063
278 4303 10.0924797356129 0.0590696100961016
279 4305 9.8294829428196 0.0581911040767265
280 4307 9.17899046838284 0.0563454528860421
281 4309 8.60027188062668 0.0557533525977464
282 4311 8.60788828134537 0.055681700759962
283 4313 9.23247544467449 0.059044122150598
284 4315 9.70720140635967 0.0591963724309453
285 4317 9.73984022438526 0.0613992621565584
286 4319 9.67668531835079 0.0596161836875838
287 4321 9.77202868461609 0.0601016246825152
288 4323 9.90188401937485 0.0596367243333534
289 4325 10.0692864954472 0.0597774602062922
290 4327 10.2481863498688 0.0611023085263
291 4329 10.2804606258869 0.0616588618034508
292 4331 9.94124041497707 0.0614568732495616
293 4333 9.55013698339462 0.0615223331958682
294 4335 9.38990670442581 0.0599032585690078
295 4337 9.4261761456728 0.0600414612571002
296 4339 9.48778553307056 0.0614659862225894
297 4341 9.56697584688663 0.0621177868441911
298 4343 9.56806057691574 0.0625885454606964
299 4345 9.70090094208717 0.0624376905433191
300 4347 10.1011272370815 0.0659776504418236
301 4349 10.2903229445219 0.0651597378438496
302 4351 10.1568997204304 0.0640704271482221
303 4353 9.49263933300972 0.0634317743101117
304 4355 8.90077555179596 0.0727028552515653
305 4357 9.03309977054596 0.0878218788142989
306 4359 9.4250895678997 0.0896273684306034
307 4361 9.82235831022263 0.0816483347617636
308 4363 9.88835270702839 0.0695521193251851
309 4365 10.0073497891426 0.065053407356027
310 4367 9.84715963900089 0.0642926338825926
311 4369 9.62302638590336 0.0644762260644147
312 4371 9.30018217861652 0.0611043910459342
313 4373 9.11388254165649 0.0612715466280174
314 4375 9.17100584506989 0.0602393925560288
315 4377 9.11476661264896 0.0603986760794811
316 4379 9.06492455303669 0.058715904984397
317 4381 8.78186316788197 0.0584214263354587
318 4383 8.33483228087425 0.0564818207047983
319 4385 7.88202477991581 0.0543111843554898
320 4387 7.59225954115391 0.0531207492809178
321 4389 7.53523294627666 0.0541266285819549
322 4391 7.5849534124136 0.0529519243101124
323 4393 7.6355278044939 0.0529019534760755
324 4395 7.84485094249249 0.0542242535214336
325 4397 8.50540286302567 0.0542815579997821
326 4399 9.49875643849373 0.0558269038486467
327 4401 10.44357226789 0.0597063283960923
328 4403 10.9385931491852 0.0586994174090207
329 4405 10.8600180745125 0.0594738447449734
330 4407 10.2218082249165 0.0588187865011709
331 4409 9.58010265231133 0.0579726796839288
332 4411 9.51506988704205 0.057042781726118
333 4413 9.93277402222157 0.0575409815933967
334 4415 10.5650495737791 0.0580466727236866
335 4417 11.0218745470047 0.0576771010010244
336 4419 11.1350291371346 0.0590179791301124
337 4421 10.8211944848299 0.05741105991028
338 4423 10.3623381704092 0.0566319029988953
339 4425 10.2009465133081 3.1938920635031
340 4427 10.1356139444186 3.18364789893898
341 4429 10.277902582686 3.20591680844746
342 4431 10.5899815382015 3.25422518246687
343 4433 10.8789978217512 3.29833258204069
344 4435 10.6862569153309 0.0557961023903724
345 4437 10.5000552535057 0.0556299682231132
346 4439 10.5623953342438 0.0556138307565301
347 4441 10.7159940749407 0.0555816275950324
348 4443 10.9339083135128 0.0570618805982628
349 4445 11.1000021845102 0.0563816979590871
350 4447 11.2654667198658 0.0552994363571981
351 4449 11.5570155233145 0.0577466443241356
352 4451 11.5990742743015 0.0563294400688409
353 4453 11.347547903657 0.0553098863628645
354 4455 11.0509618967772 0.0560548656310353
355 4457 10.8535702526569 0.055322355358826
356 4459 10.5687836408615 0.0535827353960033
357 4461 10.3279160559177 0.0540573783053562
358 4463 10.4461420476437 0.0539768956358206
359 4465 10.4726991355419 0.0537505220869106
360 4467 10.0824972093105 0.0530886542841432
361 4469 9.50491805374622 0.0522622234289111
362 4471 9.25669503211975 0.0516238058142021
363 4473 9.35601417720318 0.051213384092445
364 4475 9.58453053236008 0.0520186373600502
365 4477 9.82475081086159 0.0516605985583364
366 4479 10.1465744674206 0.053904463946867
367 4481 10.4993948489428 0.0550084918923143
368 4483 10.7887807637453 0.0556303923860662
369 4485 10.9200169444084 0.0556320383158508
370 4487 10.7077768146992 0.0555824004719228
371 4489 10.3090912103653 0.0529643671842299
372 4491 10.0333356559277 0.0532134190587484
373 4493 9.97420851886272 0.0542810800714802
374 4495 10.3409291803837 0.0541699252848398
375 4497 10.7994890660048 0.0568121702250254
376 4499 11.0759633183479 0.0561883266972142
377 4501 11.139465034008 0.0562782390988379
378 4503 10.9698420763016 0.0556314249597361
379 4505 11.0313402563334 0.0573807272503426
380 4507 11.2314678877592 0.0580918304177516
381 4509 11.3230053931475 0.0587422828478688
382 4511 11.0865229815245 0.0591331308125009
383 4513 11.0459741950035 0.059571495425881
384 4515 11.1717543005943 0.0591216557146636
385 4517 11.2121743559837 0.0598788206962737
386 4519 11.0118143111467 0.0583700791592121
387 4521 10.7992124259472 0.0589566101689145
388 4523 10.8277320116758 0.0572859180174022
389 4525 11.1664115041494 0.0585106990055135
390 4527 11.3779671639204 0.0578114923091833
391 4529 11.3609770536423 0.0586318419737621
392 4531 11.3254872560501 0.0577469047817456
393 4533 11.4962401688099 0.0590015810791142
394 4535 11.8736007511616 0.0585793100577637
395 4537 11.984774440527 0.0601040715131102
396 4539 11.6973413228989 0.0592386331364234
397 4541 11.1860788762569 0.0577286516994054
398 4543 10.7890566587448 0.0555917788479582
399 4545 10.3958471119404 0.0559282081639829
400 4547 10.2833798825741 0.0552850313014561
401 4549 10.4740855395794 0.0557341361773035
402 4551 10.7878418713808 0.0556100897534095
403 4553 10.9624118059874 0.0554085968805317
404 4555 11.1139787435532 0.0561396757771317
405 4557 11.2990480214357 0.055740087392762
406 4559 11.5557105988264 0.0563615540863757
407 4561 11.948778450489 0.0570294849466717
408 4563 12.2696417868137 0.0566399433278516
409 4565 12.2992585599422 0.0568729218991515
410 4567 12.0615739226341 0.0560344866617276
411 4569 11.7088965624571 0.0561860783165508
412 4571 11.6472588181496 0.0554057542913189
413 4573 11.8103463351727 0.056202275381516
414 4575 11.9576608538628 0.061315960990773
415 4577 11.9369281828403 0.0610511241677608
416 4579 11.7333443760872 0.0611495060066914
417 4581 11.6353486180305 0.0608185644336011
418 4583 11.6068529784679 0.0545518105404499
419 4585 11.7413784534134 3.42656948760906
420 4587 11.765311924337 3.43006004675385
421 4589 12.0397857012417 3.46983943450439
422 4591 12.5411912429163 3.54135443621735
423 4593 12.8316270585626 3.5821260528578
424 4595 13.0292316937896 3.60960270580982
425 4597 12.9070897102356 0.0570966868141995
426 4599 12.7217613756657 0.0577789594545084
427 4601 12.6045943498611 0.0568600347000752
428 4603 12.4980504512787 0.0558131272388224
429 4605 12.4472388327122 0.0550884476867918
430 4607 12.4996956884861 0.0561003610069969
431 4609 12.6503400504589 0.0583371657625277
432 4611 12.4973182976246 0.0555114752271789
433 4613 12.1367872357368 0.0567469613527537
434 4615 11.6399503648281 0.0553399863355018
435 4617 11.1236135363579 0.0527016733668695
436 4619 10.9217782914639 0.0529629818388603
437 4621 11.056057587266 0.0528457674184281
438 4623 11.3430463075638 0.054232184164006
439 4625 11.6012056171894 0.0540203890133662
440 4627 11.9567202031612 0.0540885923873223
441 4629 12.2813722491264 0.0554974665640799
442 4631 12.3243520855904 0.0550116441395035
443 4633 12.0999491810799 0.0534578019706575
444 4635 11.9541916549206 0.0535145160446086
445 4637 11.920727789402 0.0528655450781027
446 4639 11.8499085903168 0.0529635102355793
447 4641 11.8831322491169 0.0547967633143353
448 4643 11.9942698478699 0.0531733438386198
449 4645 12.1498434245586 0.0545176019567994
450 4647 12.4514949023724 0.054047280310559
451 4649 12.7181417644024 0.0544443615051212
452 4651 12.8195785284042 0.055316598662342
453 4653 12.7695750296116 0.0544480426562496
454 4655 12.6712189912796 0.0557486895949753
455 4657 12.6853663623333 0.0562659726105702
456 4659 12.7272792458534 0.0557514123533986
457 4661 12.7020891010761 0.0563685960790304
458 4663 12.7219215631485 0.05681115553087
459 4665 12.7017833888531 0.0556935803659667
460 4667 12.7594195306301 0.055404652989302
461 4669 12.5607387721539 0.0545803273518113
462 4671 12.2043451964855 0.0535629616672858
463 4673 12.0199989676476 0.0535671480098058
464 4675 12.0944224298 0.054757985310054
465 4677 12.2960637509823 0.054870285526875
466 4679 12.5592576265335 0.0539829482953336
467 4681 12.6080495417118 0.0555380765211808
468 4683 12.3591758906841 0.0555883369779934
469 4685 12.1569653153419 0.0531028961417626
470 4687 12.0496124923229 0.0541586978373006
471 4689 12.0517442524433 0.0528597914249404
472 4691 12.2368232905865 0.0534826893673583
473 4693 12.3942466378212 0.0530332307053707
474 4695 12.5526259839535 0.0541166573922259
475 4697 12.8838790953159 0.0535583935147057
476 4699 13.1718732118607 0.0539986707289287
477 4701 13.2720675468445 0.0546480226178593
478 4703 13.1138716638088 0.0541260237217798
479 4705 13.0327211022377 0.0535500740877944
480 4707 13.1008410155773 0.0541926940224619
481 4709 13.1724392473698 0.0540455803618153
482 4711 13.2818631231785 0.0550953503206766
483 4713 13.3302172124386 0.0558742182433109
484 4715 13.2584387362003 0.0537324304274222
485 4717 13.0655653774738 0.0538508716868887
486 4719 12.9233820438385 0.0533193389517602
487 4721 13.0605712532997 0.0536289407535414
488 4723 13.1623241305351 0.0523421589345776
489 4725 12.9560916721821 0.0530167890334291
490 4727 12.7375854849815 0.052277618071405
491 4729 12.4215657413006 0.0508508579129795
492 4731 12.3174795210361 0.0512202417105306
493 4733 12.3834795355797 0.0516659629199395
494 4735 12.2612243294716 0.0503928672987864
495 4737 11.9312173426151 0.0498354488306556
496 4739 11.8361681997776 0.0500766084845374
497 4741 11.8815029859543 0.0491935930233287
498 4743 12.0764217376709 0.0492126045267815
499 4745 12.34924274683 0.0505789577940611
500 4747 12.5313905775547 0.0511333125249404
501 4749 12.6532228589058 0.0491988023023334
502 4751 12.7751860320568 0.0502250743944307
503 4753 12.7217608094215 0.0500224715967914
504 4755 12.4528008103371 0.0498145464100265
505 4757 12.0073503851891 0.0491232020083369
506 4759 11.5983363240957 0.0472507415633387
507 4761 11.575405061245 0.0475463502990443
508 4763 11.8779354095459 0.0473226565216396
509 4765 12.2338066995144 0.0475526336169763
510 4767 12.4164299368858 0.0487005054291776
511 4769 12.4805617630482 0.0485697108199718
512 4771 12.4293808043003 0.0484960800622938
513 4773 12.3097419142723 0.0482221063000959
514 4775 12.3296068608761 0.0471731709721932
515 4777 12.5057125389576 0.0482613004786109
516 4779 12.551754206419 0.0482832796010737
517 4781 12.507925093174 0.0481560092851269
518 4783 12.4348407685757 0.0474559125440234
519 4785 12.4077872335911 0.0470948575569585
520 4787 12.356463063413 3.51517610702692
521 4789 12.1904888371638 3.49148805485051
522 4791 12.0505703736729 3.4713931459391
523 4793 11.8305989290214 3.43956377016351
524 4795 11.6073785564257 3.40696031036842
525 4797 11.6987177277156 3.42033883229654
526 4799 11.931602781007 3.45421521926574
527 4801 12.0665676579659 3.47369654085758
528 4803 12.1140347868204 0.0481113889909407
529 4805 12.1317150592804 0.045328588114208
530 4807 12.2094082832336 0.0457314205526362
531 4809 12.511133402586 0.0452414981397913
532 4811 12.8680264353752 0.0463219871336326
533 4813 13.1024702489376 0.046560777561621
534 4815 13.2475160360336 0.045963338399541
535 4817 13.158514559269 0.0464723645031232
536 4819 12.7318620465706 3.56817348885541
537 4821 12.244488966214 3.4992126208926
538 4823 12.0433681289372 3.47035561995269
539 4825 12.0450050938749 3.47059146167838
540 4827 12.1416568469857 3.48448803226324
541 4829 12.3540832383794 3.51483758349934
542 4831 12.5738913020102 3.54596831655476
543 4833 12.7732310946799 3.57396573775965
544 4835 12.9478715289124 3.59831509583478
545 4837 13.0829414362315 3.61703489563365
546 4839 13.2606981396675 0.0475895540538143
547 4841 13.3534894585609 0.0471637654598732
548 4843 13.2791469097137 0.047894762059984
549 4845 13.0625376105309 0.0460462151487633
550 4847 12.8516998887062 0.0470331448272209
551 4849 12.7557571828365 0.0461971692277039
552 4851 12.7291171848774 0.0460276193123239
553 4853 12.7217731177807 0.0464253635705875
554 4855 12.6144410669804 0.0444883992894966
555 4857 12.3663403689861 0.045406148434143
556 4859 12.1845710575581 0.0462966481840841
557 4861 12.1666901409626 0.0458569563020557
558 4863 12.3149429261684 0.0466328909698535
559 4865 12.6497811079025 0.047059934426749
560 4867 12.9405408203602 0.0469736638666827
561 4869 13.0356878340244 0.0477685826480386
562 4871 13.1248302459717 0.0490579869226169
563 4873 13.1065483093262 0.0477252032682493
564 4875 13.0159803032875 0.0472687519407785
565 4877 12.848172724247 0.0486674772739066
566 4879 12.6862183213234 0.0477334226459618
567 4881 12.6951464116573 0.0482652225593689
568 4883 12.7147452533245 0.0481316912431822
569 4885 12.7979689836502 0.0485419837505748
570 4887 13.0155497789383 0.049324654557203
571 4889 13.3218222260475 0.0503964859350162
572 4891 13.4078089296818 0.050360422700439
573 4893 13.2435268163681 0.0497737016099394
574 4895 13.0884586274624 0.0502139774293066
575 4897 13.1272723972797 0.0502306918589498
576 4899 13.1052504181862 0.0499960059842124
577 4901 12.8081103265285 0.04983317787869
578 4903 12.6566694974899 0.04850199919607
579 4905 12.7651534080505 0.0513045570632511
580 4907 12.9357402920723 0.0510555928110347
581 4909 13.1295844614506 0.0493866836655857
582 4911 13.3594905436039 0.0512244900607289
583 4913 13.4372441470623 0.0502885169989081
584 4915 13.3525985777378 0.0503325248246152
585 4917 13.164302200079 0.0506969406532063
586 4919 12.9608454108238 0.0496432189412012
587 4921 12.8777999579906 0.0483530037482121
588 4923 12.8306151926517 0.0491350047704703
589 4925 12.779041916132 0.0491465238696663
590 4927 12.7774432003498 0.0498972949593249
591 4929 12.7522211968899 0.0480557253701741
592 4931 12.7886282801628 0.0475856225894813
593 4933 12.818700492382 0.0488866179885343
594 4935 12.727243155241 0.0479544853450074
595 4937 12.6019702255726 0.0477614958931948
596 4939 12.5328636467457 0.0475464939691865
597 4941 12.6620118618011 0.0473594185789475
598 4943 12.8598446846008 0.0459362828897849
599 4945 12.9354184269905 0.0465696063644911
600 4947 12.8376098275185 0.0453036636904273
601 4949 12.6375985741615 0.0447209848918903
602 4951 12.6476118415594 0.0446496319336514
603 4953 12.9722456783056 0.045406825826817
604 4955 13.5439667105675 0.0459503737225681
605 4957 13.9847716987133 0.0466441972901451
606 4959 13.663948982954 0.0447240994779742
607 4961 13.0549658834934 0.0438564049855148
608 4963 12.6885777413845 0.0440605459286308
609 4965 12.3590770959854 0.0436081685943896
610 4967 11.9687372148037 0.0430372474153817
611 4969 11.8856552690268 0.0434670015842191
612 4971 12.0978951454163 0.0439997188054892
613 4973 12.3902099728584 0.0437941065431674
614 4975 12.6538042724133 0.0447558608506144
615 4977 12.794139534235 0.0446707459919392
616 4979 12.6510227024555 0.0450910796854586
617 4981 12.2831833660603 0.0450166288794048
618 4983 12.0668363571167 0.0444708591052496
619 4985 11.938309520483 0.0440494417356179
620 4987 11.9616165161133 0.0445791909574628
621 4989 12.2665364444256 0.0456126547990003
622 4991 12.7393705248833 0.0454127334213321
623 4993 13.1811621785164 0.0465927425832007
624 4995 13.3028612136841 0.0456917220703652
625 4997 13.1953112781048 0.0466598383148864
626 4999 13.2003275752068 0.0463000930973706
627 5001 13.134585082531 0.0466319249688444
628 5003 13.0337687134743 0.0459038668225778
629 5005 12.9483831822872 0.0454791061105192
630 5007 12.8453339040279 0.0463370068135399
631 5009 12.8428293168545 0.0471564740416495
632 5011 12.8299999237061 0.0473026397076065
633 5013 12.6346825659275 0.0471339315242689
634 5015 12.1620078384876 0.0459144547921584
635 5017 11.7873959094286 0.0451178337795676
636 5019 11.8025206327438 0.0460519994887521
637 5021 12.1837437152863 0.0464862613241521
638 5023 12.6494342386723 0.0478356530187107
639 5025 13.0500544309616 0.047897108207355
640 5027 13.3537964522839 0.0493747898574133
641 5029 13.3357300162315 0.0494514880296899
642 5031 13.051117926836 0.0479135634474389
643 5033 12.6629740893841 0.0468036730500808
644 5035 12.4585475325584 0.0472400909520545
645 5037 12.5897217094898 0.0468964111758431
646 5039 12.9484409689903 0.0473471585577383
647 5041 13.2854900360107 0.0476434202127398
648 5043 13.4725353419781 0.0471038827808792
649 5045 13.5230595171452 0.0474426804351617
650 5047 13.6440940499306 0.0473749851691138
651 5049 13.7000178396702 0.0464709906970149
652 5051 13.4316985607147 0.0463466819134348
653 5053 13.0927899777889 0.0454720807293284
654 5055 13.0823293328285 0.0453511382398926
655 5057 13.2115224301815 0.0449840360459327
656 5059 13.2653216719627 0.0440831656702979
657 5061 13.1779773533344 0.0438798005205888
658 5063 12.9628117084503 0.0436826928205778
659 5065 12.7670454978943 0.0428800053267216
660 5067 12.6917135715485 0.0426429011525294
661 5069 12.801323890686 0.0428488453905196
662 5071 13.0219134986401 0.0422345085654729
663 5073 13.1245916187763 0.0427302196296789
664 5075 12.953665792942 0.0417915311641287
665 5077 12.5001537799835 0.0417304973487259
666 5079 12.0360330939293 0.0404256324930183
667 5081 11.8397435694933 0.0400206219239345
668 5083 11.9929791390896 0.0416091925772104
669 5085 12.3026851713657 0.0412304302768187
670 5087 12.5481355786324 0.0419701536017197
671 5089 12.7322574257851 0.0432539151775703
672 5091 12.8426712751389 0.0427438234041953
673 5093 12.7715722024441 0.0424386034783492
674 5095 12.6353240013123 0.0431993524784054
675 5097 12.5722629129887 0.0429105281942612
676 5099 12.6261183917522 0.0436750696802957
677 5101 12.9947100877762 0.0438702787280213
678 5103 13.5613386332989 0.0455593815805735
679 5105 13.8384239971638 0.0478533075811292
680 5107 13.6074227690697 0.0478034549294158
681 5109 12.9075697660446 0.0454606511545106
682 5111 12.0879766643047 0.0437880207875316
683 5113 11.6378516703844 0.0449137478698512
684 5115 11.5594606995583 0.0427684726609781
685 5117 11.6464909315109 0.0431100301007639
686 5119 11.7848819047213 0.0445408863165009
687 5121 11.9838346838951 0.0434999291830711
688 5123 12.2107654213905 0.0449959756307347
689 5125 12.3000634759665 0.0450311706310103
690 5127 12.4330378174782 0.0442062756387636
691 5129 12.6754775643349 0.0447111141317752
692 5131 12.936350941658 0.0463691908274723
693 5133 12.8847060501575 0.0453373145853881
694 5135 12.544850975275 0.0444303320786632
695 5137 12.077911645174 0.0443658815006991
696 5139 11.7298953682184 0.0430003908882981
697 5141 11.7919763475657 0.042493999667227
698 5143 12.1176496148109 0.0422975763341688
699 5145 12.4463542848825 0.0423883172801077
700 5147 12.577665284276 0.0431702360058767
701 5149 12.490990370512 0.0431927830882397
702 5151 12.405310690403 0.0424425019733644
703 5153 12.5507215857506 0.0419005225295013
704 5155 12.8455913066864 0.041989967908059
705 5157 13.0936759114265 0.0413204114067893
706 5159 13.1774133443832 0.0409601140800067
707 5161 13.1452735066414 0.0412780000568902
708 5163 12.9986957013607 0.0413892456359594
709 5165 12.7093408405781 0.0413174111988768
710 5167 12.4697534143925 0.0411813686351204
711 5169 12.373588770628 0.0398027397496082
712 5171 12.4004294872284 0.0409347805830761
713 5173 12.4685925543308 0.0418669070131546
714 5175 12.5249230861664 0.0407543859178526
715 5177 12.4117670655251 0.0408442184322833
716 5179 12.0871883332729 0.0403519065047341
717 5181 11.8442880064249 0.0410271860991447
718 5183 11.8325552195311 0.0415311708136324
719 5185 12.0923537015915 0.0424028859143877
720 5187 12.3704859912395 0.0429991211891507
721 5189 12.6071456372738 0.0431876596562661
722 5191 12.8003152906895 0.0434036983385116
723 5193 12.8249771893024 0.0443311938475012
724 5195 12.6268918514252 0.0438009360105279
725 5197 12.3911103308201 0.0453275542724874
726 5199 12.2100808024406 0.0450915019463355
727 5201 12.1392214298248 0.0452270812911779
728 5203 12.1463070809841 0.0442317812101716
729 5205 12.1703979372978 0.0431673544875081
730 5207 12.1848650425673 0.0433977288631233
731 5209 12.1448300182819 0.0427597066266168
732 5211 12.1607619524002 0.0422641959144184
733 5213 12.3604153394699 0.0427295448999113
734 5215 12.6723781526089 0.042850855631265
735 5217 12.8776752948761 0.0426359187582567
736 5219 12.9036858379841 0.0438488612252054
737 5221 12.6311348974705 0.0427240304011075
738 5223 12.1965392231941 0.042031208847179
739 5225 11.9019475579262 0.0403671251417934
740 5227 11.7701988518238 0.0403112303553876
741 5229 11.7364872843027 0.0390853319610157
742 5231 11.9267497956753 0.0385375696988247
743 5233 12.241597443819 0.0396730786509065
744 5235 12.4525725841522 0.0393049673422143
745 5237 12.3973183035851 0.0401351219550778
746 5239 12.1861741542816 0.0397881026405914
747 5241 12.0448001921177 0.0385106143650725
748 5243 11.9941677451134 0.0388752537509987
749 5245 11.9676859676838 0.0393004514333222
750 5247 11.8970414102077 0.0392637143566128
751 5249 11.8082640171051 0.0393799412191742
752 5251 11.7690058350563 0.0397335243444032
753 5253 11.8297481834888 0.0403744657603836
754 5255 11.9012325704098 0.0409755773240424
755 5257 12.0792089104652 0.0415279256183283
756 5259 12.3086008727551 0.0413148176548179
757 5261 12.3500389456749 0.0423667615597676
758 5263 12.1350101828575 0.0420702484503159
759 5265 11.5610549747944 0.0421075811304304
760 5267 10.8594907820225 0.0396688171129812
761 5269 10.2688583731651 0.0391533247117536
762 5271 9.85929708182812 0.0388457552147997
763 5273 9.78720822930336 0.0390383847938289
764 5275 10.1086879074574 0.0386884522597068
765 5277 10.7270396053791 0.0400592151732315
766 5279 11.290602132678 0.0407827882242375
767 5281 11.4114072471857 0.0414253537595308
768 5283 10.9884642660618 0.038725363693385
769 5285 10.5122296065092 0.0383931515335118
770 5287 10.5443739295006 0.0377836907437507
771 5289 11.0438696146011 0.0385682840420172
772 5291 11.5730937719345 0.0392730118310147
773 5293 11.8209728449583 0.0395827035375892
774 5295 11.8749113231897 0.0389535877086545
775 5297 11.9784890264273 0.0389091685273063
776 5299 12.331838876009 0.0401932913707961
777 5301 12.6770779788494 0.039689131158094
778 5303 12.6755328774452 0.0394062740668468
779 5305 12.316032409668 0.0391212112014391
780 5307 11.8151867985725 0.0382510530133106
781 5309 11.4186874032021 0.0377763663562092
782 5311 11.425833016634 0.0380325650911738
783 5313 11.7664494365454 0.0383306319431255
784 5315 12.180794686079 0.0402781464058866
785 5317 12.4311445653439 0.0390932291270501
786 5319 12.5502568185329 0.0399676742141176
787 5321 12.7030527889729 0.0420525582556733
788 5323 12.8083720505238 0.0420670307717116
789 5325 12.7227532863617 0.0429792356183631
790 5327 12.4563574492931 0.0418321531677111
791 5329 12.0876533389091 0.0426506704990551
792 5331 11.9801805913448 0.0416314823720901
793 5333 12.1963617503643 0.0422925524441737
794 5335 12.441448867321 0.0430151537879424
795 5337 12.6427784562111 0.046518020287496
796 5339 12.9004226624966 0.047759248526972
797 5341 13.1700192689896 0.047488889723657
798 5343 13.3346872329712 0.0447638075974304
799 5345 13.368782043457 0.0443108212184469
800 5347 13.3490853905678 0.0439379108451453
801 5349 13.1632544398308 0.0450924254676468
802 5351 12.8903171420097 0.0442445399557138
803 5353 12.7177805006504 0.0434666691013304
804 5355 12.70760384202 0.0431729856469745
805 5357 12.869348526001 0.0427194488071901
806 5359 13.0173847079277 0.0415241503778393
807 5361 13.129233777523 0.0411675180979414
808 5363 13.1440439224243 0.0407560626612688
809 5365 12.7583470642567 0.0402413037005554
810 5367 12.0472522228956 0.0398994807309569
811 5369 11.4234607666731 0.038142031975552
812 5371 11.1060100197792 0.0379593153827256
813 5373 11.0772172957659 0.0383472525370183
814 5375 11.3677465617657 0.037479308999405
815 5377 11.9533058702946 0.039437186986776
816 5379 12.4934357106686 0.0410201651561313
817 5381 12.8661334514618 0.0421753954664374
818 5383 13.0446230471134 0.0422357142280609
819 5385 13.044880092144 0.0431996677158049
820 5387 13.0918399989605 0.0429807821329743
821 5389 13.3281452953815 0.0428627231907883
822 5391 13.6522636711597 0.0427102627944431
823 5393 13.9070630073547 0.0444521482566134
824 5395 14.0710183680058 0.044524909385134
825 5397 13.9751642942429 0.0446948294445079
826 5399 13.4939301013947 0.0434550904037524
827 5401 13.1001830101013 0.0426377252232576
828 5403 12.9647250473499 0.0417520088140973
829 5405 13.0829171836376 0.0424915116249848
830 5407 13.3518409430981 0.0410895105365311
831 5409 13.6564463675022 0.0418335255789637
832 5411 13.9935301542282 0.0420666287996455
833 5413 14.2052985727787 0.0403855310242407
834 5415 14.2782250642776 0.0408217858548968
835 5417 14.2550882101059 0.0400429968050149
836 5419 14.1806057989597 0.0397931177810368
837 5421 14.0493705868721 0.0400844211042635
838 5423 13.887161552906 0.0390822238419903
839 5425 13.7480868399143 0.0400695447140831
840 5427 13.4892120063305 0.0392728283440811
841 5429 13.0348872244358 0.0388669535984578
842 5431 12.600034981966 0.0394991628370301
843 5433 12.3194250464439 0.0388710256896114
844 5435 12.3790027797222 0.0382933520139193
845 5437 12.8138687610626 0.0408772431638175
846 5439 13.2961921989918 0.0413177878099292
847 5441 13.525739133358 0.0432983720200237
848 5443 13.4640425145626 0.0428618827267966
849 5445 13.3147492706776 0.0424153929518696
850 5447 13.2639045715332 0.0427671060827586
851 5449 13.3658034205437 0.042026198271716
852 5451 13.3852233886719 0.0435305883660589
853 5453 13.3171738088131 0.0420583280130792
854 5455 13.4355521500111 0.0430969771674636
855 5457 13.8052537441254 0.0460144291759398
856 5459 14.1795485019684 0.0521864929061096
857 5461 14.3186303973198 0.0545576781913685
858 5463 14.3455429077148 0.0524215352298936
859 5465 14.2846048474312 0.0446943579832646
860 5467 14.0998555123806 0.042172185015722
861 5469 13.8746957182884 0.0406016423657902
862 5471 13.6337343454361 0.0401522488816077
863 5473 13.2792829573154 0.0389030721200448
864 5475 12.9784231185913 0.0380453031674899
865 5477 12.9523022174835 0.0378321023826697
866 5479 13.2546015977859 0.0392596273024612
867 5481 13.566048592329 0.0390172396682994
868 5483 13.7413668632507 0.0399949738236298
869 5485 13.7848628461361 0.0410770789480647
870 5487 13.7273768186569 0.0409790098104322
871 5489 13.7741444706917 0.040152910043233
872 5491 13.8047702014446 0.041388712674258
873 5493 13.6678610146046 0.0414821974282615
874 5495 13.5024703145027 0.041594169093151
875 5497 13.3614111244678 0.0418129927951083
876 5499 13.1380174160004 0.0417624457588417
877 5501 12.9300310611725 0.0408021892728596
878 5503 12.8614689707756 0.0413248976432954
879 5505 12.8946468234062 0.0412935888379434
880 5507 12.9407137334347 0.0421465286730879
881 5509 12.8108960390091 0.0406590579253783
882 5511 12.5744221806526 0.0395458544920046
883 5513 12.4449970126152 0.0384315450648265
884 5515 12.5341268181801 0.03913939124406
885 5517 12.7913070619106 0.0386035418108015
886 5519 13.1703254878521 0.0394072504658716
887 5521 13.5549821257591 0.0380225736126339
888 5523 13.7622067034245 0.0385868115305248
889 5525 13.792482316494 0.0382091956747543
890 5527 13.7451869249344 0.0380911024951998
891 5529 13.6766335964203 0.0375328253031475
892 5531 13.6488970518112 0.0375599982343967
893 5533 13.5877580940723 0.0389172818959819
894 5535 13.4283195436001 0.0390444800598448
895 5537 13.2744171917439 0.0390765666874848
896 5539 13.1356616616249 0.0392094944115471
897 5541 13.1205574274063 0.0407542029381393
898 5543 13.2709238231182 0.0416948603059827
899 5545 13.6198322474957 0.0420884463724514
900 5547 13.9996468424797 0.0426492951712859
901 5549 14.0913728177547 0.0433010720803399
902 5551 13.8781778514385 0.0423862334924228
903 5553 13.5630857050419 0.04183603999666
904 5555 13.385183185339 0.0418255969652724
905 5557 13.377141058445 0.0409690007059878
906 5559 13.4201381504536 0.0408427060282354
907 5561 13.3765071928501 0.0406405692392216
908 5563 13.2999461293221 0.0409471707062852
909 5565 13.3645551502705 0.0396602297469609
910 5567 13.5299570858479 0.039543555516119
911 5569 13.5684103965759 0.039207813990784
912 5571 13.6577360928059 0.039110824978722
913 5573 13.8863266706467 0.056482769079903
914 5575 13.4457411766052 0.0932530882451648
915 5577 12.8542518764734 0.107362058718043
916 5579 12.5217476636171 0.091140679641906
917 5581 13.2213626652956 0.0556626502005482
918 5583 13.1485382020473 0.0401173487031155
919 5585 12.9507482945919 0.0390727423734344
920 5587 12.9624590277672 0.0398461972413195
921 5589 13.0781003832817 0.040404232742912
922 5591 13.2429814338684 0.0415255743987546
923 5593 13.3429355323315 0.0415964655329352
924 5595 13.416461199522 0.040938812350218
925 5597 13.5004368722439 0.0417848510731384
926 5599 13.6174480021 0.0411538553590684
927 5601 13.6332637071609 0.0419452892835413
928 5603 13.5716771781445 0.0422009515062626
929 5605 13.5542098283768 0.0418685573811166
930 5607 13.5398156940937 0.041780170824878
931 5609 13.4630447328091 0.0403902373943451
932 5611 13.3443664908409 0.0393654721268727
933 5613 13.2800668478012 0.0387889788795601
934 5615 13.3095568716526 0.0384590419830248
935 5617 13.305304646492 0.0368314488452961
936 5619 13.2383857965469 0.0375533268929561
937 5621 13.2050882875919 0.0368439178412576
938 5623 13.2307173013687 0.0380392628080685
939 5625 13.3491961956024 0.0379940949695979
940 5627 13.5362570881844 0.0378409054441109
941 5629 13.7406388521194 0.0400392211841107
942 5631 13.8618956500576 3.72315667815063
943 5633 13.7727435989744 3.7111647226948
944 5635 13.5424926358537 3.68001258637164
945 5637 13.4562506501982 3.66827625052942
946 5639 13.4373667407664 3.66570139820014
947 5641 13.5135293609215 3.67607526594893
948 5643 13.5788407332106 3.684947860311
949 5645 13.6474114756049 3.69424031102537
950 5647 13.7409653961658 0.0418084450581441
951 5649 13.8487654328346 0.0402705405110938
952 5651 13.917103767395 0.0410531290212328
953 5653 13.927198946476 0.0404270501736803
954 5655 13.9326526224613 0.0397881851906908
955 5657 14.0212600827217 0.0386428693882482
956 5659 14.1170450150967 0.0382975847670942
957 5661 14.0896143019199 0.0389492815353451
958 5663 13.9929100573063 0.0375372909972326
959 5665 13.9541272222996 0.0390907658117962
960 5667 13.9456753432751 0.0381261989679375
961 5669 13.9082815051079 0.0386948467856836
962 5671 13.741978507189 3.70701746788291
963 5673 13.5545617923863 3.68165204662069
964 5675 13.3955576876652 3.65999421962183
965 5677 13.3308590196929 3.65114489163234
966 5679 13.3109862948095 3.64842243919334
967 5681 13.3759228449628 3.65731087617156
968 5683 13.5611565113068 0.0535909393034975
969 5685 13.613657772541 0.0465749638786205
970 5687 13.6465485692024 0.0475093020426977
971 5689 13.6409668922424 0.0447847760835
972 5691 13.6149802803993 0.0451605186479987
973 5693 13.3791993558407 0.0419644147847504
974 5695 13.0255968272686 0.0410919131121574
975 5697 12.7512665092945 0.0389684155324937
976 5699 12.6044377088547 0.0376209497533102
977 5701 12.6735137701035 0.0374727779043699
978 5703 12.8813811838627 0.0379240765078964
979 5705 13.1392523944378 0.0377012209119921
980 5707 13.338598638773 0.0370711953834984
981 5709 13.3327832520008 0.0373413736163964
982 5711 13.1670746803284 0.0363943163967633
983 5713 13.149886995554 0.0375936009434315
984 5715 13.4209531843662 0.0384072692489694
985 5717 13.7481859922409 0.0399884480544075
986 5719 13.9298967719078 0.0406852620659068
987 5721 13.9650281667709 0.0417856623719645
988 5723 13.8210999667645 0.0407758774748283
989 5725 13.5431686937809 0.0416571279362934
990 5727 13.2766030728817 0.0411137893957098
991 5729 13.1987008750439 0.0400285690511657
992 5731 13.2490522563457 0.0399528669326994
993 5733 13.2652486264706 0.0396591089169635
994 5735 13.2754113078117 0.0399377152487161
995 5737 13.2993117272854 0.0392523136933505
996 5739 13.4651900231838 0.037779927296133
997 5741 13.6306983530521 0.0389411771698294
998 5743 13.6270871460438 0.0376863797736207
999 5745 13.6079759001732 0.0367357370138806
1000 5747 13.5429237484932 0.0372851081787764
1001 5749 13.390705883503 0.0369082866299528
1002 5751 13.291389644146 0.0369750696603405
1003 5753 13.3028630018234 0.0370779064149253
1004 5755 13.3733265399933 0.0380062307218403
1005 5757 13.5136405527592 0.0389460871888733
1006 5759 13.7011321485043 0.0399318054985149
1007 5761 13.7290903627872 0.0407936806527866
1008 5763 13.6405509114265 0.0413836638036644
1009 5765 13.6002878844738 0.0423006982749467
1010 5767 13.491350620985 0.0440035934611516
1011 5769 13.2575461268425 0.0443004427308389
1012 5771 13.1635991334915 0.0430665188437037
1013 5773 13.2203326821327 0.0419635853527996
1014 5775 13.2758759856224 0.041228763677808
1015 5777 13.3324280977249 0.0399869963899873
1016 5779 13.3547618091106 0.039254186477402
1017 5781 13.4585227072239 0.0376185868676703
1018 5783 13.6746833920479 0.038287097861153
1019 5785 13.8370104730129 0.0384290637432529
1020 5787 13.9642705321312 0.0391122224973781
1021 5789 14.0164441764355 0.0404630516541893
1022 5791 13.9598166644573 0.0406258926938286
1023 5793 13.8124459087849 0.0397631157019122
1024 5795 13.6394612491131 0.0395492409481547
1025 5797 13.4853998422623 0.0393683745680776
1026 5799 13.4313271939754 0.0398190277338072
1027 5801 13.6040718853474 0.0393900039621624
1028 5803 13.9222558140755 0.0410646965599648
1029 5805 14.0723575949669 0.04238723296997
1030 5807 14.0592968761921 0.041664627568439
1031 5809 13.9404056072235 0.0411658987972211
1032 5811 13.8317187726498 0.0419387581885062
1033 5813 13.7530052363873 0.0407735180129252
1034 5815 13.6475683748722 0.041186800837435
1035 5817 13.5103419423103 0.0392180886250411
1036 5819 13.3614247441292 0.0376037846584548
1037 5821 13.233558088541 0.0378175589825983
1038 5823 13.2217987179756 0.0374553702314191
1039 5825 13.4303994476795 0.0368804953971913
1040 5827 13.7891172468662 0.0376817619134538
1041 5829 14.1081567108631 0.0387111914517481
1042 5831 14.3248786330223 0.0393223259416037
1043 5833 14.4673733115196 0.0396262386340023
1044 5835 14.5478917360306 0.0398897514852979
1045 5837 14.5716865956783 0.0408896436850422
1046 5839 14.5045855641365 0.0423506006342468
1047 5841 14.3792531490326 0.0422092317504078
1048 5843 14.3178381323814 0.0419415570299704
1049 5845 14.3446678817272 0.0423020228806886
1050 5847 14.3877914249897 0.0420289084764376
1051 5849 14.4101575314999 0.0419876156740447
1052 5851 14.3318582773209 0.0407278756698896
1053 5853 14.2670524418354 0.0408740346151781
1054 5855 14.3035506606102 0.0410894109945526
1055 5857 14.3810755610466 0.0385818547204108
1056 5859 14.4379126131535 0.03932578911482
1057 5861 14.4011870622635 0.0385732714121526
1058 5863 14.2321716547012 0.0403085633911943
1059 5865 14.1233663856983 0.0413799292676023
1060 5867 14.1516140401363 0.0421590726108447
1061 5869 14.1997408270836 0.0417966514259756
1062 5871 14.1887518763542 0.0396388964427102
1063 5873 14.1341734528542 0.0411685371034691
1064 5875 14.0881293416023 0.0421633642015712
1065 5877 14.1375283896923 0.0414182814604648
1066 5879 14.2979572117329 0.0418496256380517
1067 5881 14.4044769406319 0.0433438992240574
1068 5883 14.3838415443897 0.0430290894113222
1069 5885 14.1831683516502 0.0440673149099738
1070 5887 13.8175343573093 0.0477535989807706
1071 5889 13.5747748613358 0.0489067627488811
1072 5891 13.484642803669 0.0466568055180715
1073 5893 13.2985326647758 0.0442052156751989
1074 5895 12.9825588166714 0.0427823547726191
1075 5897 12.8247947096825 0.0414725409687117
1076 5899 12.9958020150661 0.0388461147071679
1077 5901 13.3242174386978 0.0382193230883273
1078 5903 13.6434569358826 0.0388551447496811
1079 5905 13.8632209300995 0.0392225264220112
1080 5907 14.0373454093933 0.0407667634873599
1081 5909 14.1967419683933 0.0404878577688414
1082 5911 14.2509195804596 0.0410711618431695
1083 5913 14.2650251090527 0.0434671400553535
1084 5915 14.3813602924347 0.0448245017020556
1085 5917 14.3879384696484 0.0449988188539728
1086 5919 14.2781519591808 0.0420880561932567
1087 5921 14.2739842534065 0.0413195460890042
1088 5923 14.3155862390995 0.0419801114769166
1089 5925 14.2996891438961 0.041682108154304
1090 5927 14.2768081128597 0.0403764347894819
1091 5929 14.2943547666073 0.0403824875758
1092 5931 14.3010873496532 0.0405062774730411
1093 5933 14.4038791060448 0.0417959551393463
1094 5935 14.603088080883 0.0410072298979342
1095 5937 14.6541182398796 0.0396221211466343
1096 5939 14.5188087821007 0.0397289752125833
1097 5941 14.3984268605709 0.0385847468904052
1098 5943 14.3470941483974 0.0401647980183722
1099 5945 14.3620975911617 0.0414603282457929
1100 5947 14.3703203201294 0.0415576018084278
1101 5949 14.324682623148 0.0414262913562047
1102 5951 14.351100564003 0.0428554846502779
1103 5953 14.4642591774464 0.0443140473929908
1104 5955 14.5640477538109 0.0439758052717118
1105 5957 14.601095020771 0.0424138309670401
1106 5959 14.5694929659367 0.0416688894867796
1107 5961 14.4582002460957 0.0404522997256557
1108 5963 14.3011177778244 0.038899408975236
1109 5965 14.0808916389942 0.0387128482867685
1110 5967 13.8466475009918 0.0383257718852784
1111 5969 13.7057129442692 0.0383752644105983
1112 5971 13.6306465864182 0.0378951837195079
1113 5973 13.5855658948421 0.0383251828757369
1114 5975 13.6176206469536 0.0400311958181524
1115 5977 13.706080943346 0.0406047801572016
1116 5979 13.8104130625725 0.040411872621463
1117 5981 13.9297451078892 0.0409246549447741
1118 5983 14.0366075336933 0.0417209973666301
1119 5985 14.1760862767696 0.0419018610838007
1120 5987 14.3514550030231 0.0418473412447489
1121 5989 14.4560281038284 0.0417082263209963
1122 5991 14.495995759964 0.0422683932889793
1123 5993 14.3835521936417 0.0410318409863915
1124 5995 14.1213051080704 0.040275209220093
1125 5997 13.8568649888039 0.0386905837260974
1126 5999 13.6440858840942 0.0380775340992975
1127 6001 13.315728366375 0.0370791742119967
1128 6003 12.7541647851467 0.036348080986424
1129 6005 12.1050871163607 0.03615574952611
1130 6007 11.6589188724756 0.0352434432354039
1131 6009 11.5185083001852 0.034713825193402
1132 6011 11.6220138818026 0.0365563806285551
1133 6013 11.9788508415222 0.0370746614732313
1134 6015 12.4881675243378 0.0384698890153595
1135 6017 12.9472788274288 0.0396326419095287
1136 6019 13.2917120754719 0.0407103737807732
1137 6021 13.5254226028919 0.040566790500029
1138 6023 13.660741508007 0.0407712445248583
1139 6025 13.7506875693798 0.0403228806978291
1140 6027 13.8187292516232 0.0389627110796979
1141 6029 13.7755528688431 0.038224253269377
1142 6031 13.7014399766922 0.0376822182848941
1143 6033 13.7010436654091 0.0370803770848732
1144 6035 13.7303406000137 0.0368722379779583
1145 6037 13.8018737435341 0.0372243823728841
1146 6039 13.8785847425461 0.0375943224642693
1147 6041 13.9212980568409 0.0374528413579449
1148 6043 13.8997811973095 0.0385005022949127
1149 6045 13.837149977684 0.038705568534611
1150 6047 13.7597140669823 0.0381224342522692
1151 6049 13.7551307678223 0.040664996333525
1152 6051 13.8206588029861 0.0398128449722943
1153 6053 13.878228366375 0.0412239699390116
1154 6055 13.9264620542526 0.0396619205657396
1155 6057 13.9342375993729 0.0399963222687246
1156 6059 13.9177837967873 0.0396336590129804
1157 6061 13.9302909970283 0.0391246873087724
1158 6063 13.9216871857643 0.0372467064051323
1159 6065 13.8952284455299 0.0363142982141923
1160 6067 13.8521488010883 0.0366283956360547
1161 6069 13.7388607561588 0.0376135553693711
1162 6071 13.6939945220947 0.0370956266623691
1163 6073 13.7840925753117 0.0374164491910209
1164 6075 13.8770287930965 0.0387689860316849
1165 6077 13.9309401810169 0.0393195248176482
1166 6079 13.9368969500065 0.0400350395333782
1167 6081 13.9170553386211 0.0391802956425292
1168 6083 13.9331898391247 0.0396992244611037
1169 6085 14.0616444051266 0.0397595673156901
1170 6087 14.2046821713448 0.0422048995820595
1171 6089 14.242995262146 0.0398737210421923
1172 6091 14.173379778862 0.0385603793944838
1173 6093 13.971574395895 0.0377212616921831
1174 6095 13.7642664313316 0.0370707637390465
1175 6097 13.7283882498741 0.0368959283348158
1176 6099 13.7628692984581 0.0365728818988787
1177 6101 13.6626299321651 0.0369463873683651
1178 6103 13.5778370797634 0.0369575633330466
1179 6105 13.6135553717613 0.036571950262043
1180 6107 13.7355469763279 0.0392673868849966
1181 6109 13.9132663011551 0.0396033785967311
1182 6111 14.0332863926888 0.041265803184605
1183 6113 14.0252722501755 0.0406783979807627
1184 6115 13.911539286375 0.0406516790116575
1185 6117 13.8210940063 0.0416269526414456
1186 6119 13.7418783903122 0.0397659326765011
1187 6121 13.6163594424725 0.0394634147130472
1188 6123 13.5925793647766 0.038586160766915
1189 6125 13.6448366045952 0.0381224686164426
1190 6127 13.6039790809155 0.0371529516831386
1191 6129 13.4997494518757 0.0359850564630406
1192 6131 13.4663709700108 0.0361320539702448
1193 6133 13.5241459608078 0.0361633450228872
1194 6135 13.5534872710705 0.0380877497691979
1195 6137 13.5388763844967 0.0379233974667564
1196 6139 13.5267044007778 0.0397392333621815
1197 6141 13.5502458810806 0.0398667901307772
1198 6143 13.6585423648357 0.0413465625427993
1199 6145 13.8196642100811 0.0415555910604621
1200 6147 13.9698793590069 0.041502670867345
1201 6149 14.1001577973366 0.0401080767165322
1202 6151 14.1847873628139 0.0409183580586998
1203 6153 14.2307986319065 0.0395745490840716
1204 6155 14.2735114991665 0.0389649569242599
1205 6157 14.2853716313839 0.0393892657030556
1206 6159 14.2309854328632 0.0381152629184449
1207 6161 14.1510131061077 0.0378877667642666
1208 6163 14.1776071190834 0.0373634737108941
1209 6165 14.3188010454178 0.0381628518460817
1210 6167 14.3602018654346 0.0397679680246501
1211 6169 14.242939054966 0.0404492217862364
1212 6171 14.1505540907383 0.0413076317384108
1213 6173 14.1661396920681 0.04058281232039
1214 6175 14.1422833204269 0.041331535508198
1215 6177 14.0366026461124 0.0413779528838101
1216 6179 14.0196861326694 0.040643978773894
1217 6181 14.0478142797947 0.039164198880373
1218 6183 14.0489180088043 0.0397706176165491
1219 6185 14.1049989461899 0.038589325567806
1220 6187 14.201478511095 0.0377314178905065
1221 6189 14.3346137702465 0.0378484751994593
1222 6191 14.476540595293 0.0385675727923899
1223 6193 14.5232772827148 0.0382035215283697
1224 6195 14.4288381934166 0.0390445096054257
1225 6197 14.2818617522717 0.0394922388998938
1226 6199 14.1435641348362 0.039637604679481
1227 6201 14.0488882362843 0.04154159507787
1228 6203 14.0310308933258 0.0421221684050554
1229 6205 14.0125929415226 0.0411778691956546
1230 6207 13.952242732048 0.0400603171092737
1231 6209 13.9045313000679 0.0408581319915812
1232 6211 13.8701502680778 0.0395305633224464
1233 6213 13.8599335551262 0.0387627255386652
1234 6215 13.8985789120197 0.0378431647300101
1235 6217 13.9039153158665 0.0369596788219986
1236 6219 13.8896017372608 0.0368096213816949
1237 6221 13.9092482328415 0.0381699029687013
1238 6223 13.8046250939369 0.038028036755385
1239 6225 13.7194314002991 0.036785234230988
1240 6227 13.815801680088 0.0373334167251749
1241 6229 13.9693119227886 0.039680875514132
1242 6231 14.0552939772606 0.0407548657482305
1243 6233 14.0804855525494 0.0446704195956938
1244 6235 14.0728577077389 0.0457051271413398
1245 6237 13.9732741117477 0.0449291534175809
1246 6239 13.8251629769802 0.0428276429490993
1247 6241 13.6990830302238 0.0408372246255544
1248 6243 13.5726362168789 0.0395753859975214
1249 6245 13.5057002305984 0.0375227079071749
1250 6247 13.6349195241928 0.036592229182152
1251 6249 13.846761405468 0.0360224853882019
1252 6251 13.9393948614597 0.0365338343070225
1253 6253 13.8584654331207 0.0377333562327783
1254 6255 13.6624813377857 0.0409752666516255
1255 6257 13.4156793951988 0.0426336500887824
1256 6259 13.2925636768341 0.0436125096390927
1257 6261 13.4147263765335 0.0419167156635094
1258 6263 13.6443818211555 0.0415650247235073
1259 6265 13.8399446606636 0.0404265927877994
1260 6267 13.9721316099167 0.0415331863801907
1261 6269 13.9664072096348 0.0392623156967111
1262 6271 13.8943664729595 0.0375484717805067
1263 6273 13.7041980028152 0.0369819665879972
1264 6275 13.3567921519279 0.0369774024931792
1265 6277 12.9623227417469 0.0366102476751161
1266 6279 12.6561852395535 0.0355009881963745
1267 6281 12.4715148210526 0.0346813965724931
1268 6283 12.3046981543303 0.0364079973955662
1269 6285 12.2012307345867 0.0388259581539497
1270 6287 12.3267253190279 0.0409871920342598
1271 6289 12.606243789196 0.0414420358538816
1272 6291 12.783911049366 0.0390364553279119
1273 6293 12.8456854522228 0.0383281020552108
1274 6295 12.8782538771629 0.0384783276390349
1275 6297 12.8868446350098 0.0459591280908631
1276 6299 13.0107658207417 0.0535421081934131
1277 6301 13.2671347260475 0.053585855181095
1278 6303 13.4463050365448 0.0457410463253596
1279 6305 13.3881806731224 0.0402291011220421
1280 6307 13.2451200783253 0.0406350712250766
1281 6309 13.1245456039906 0.0385761507748352
1282 6311 13.069233328104 0.0371689047751526
1283 6313 12.978295892477 0.0375153639916529
1284 6315 12.9768342077732 0.0386972753563488
1285 6317 13.0914903581142 0.0393126666923423
1286 6319 13.2523200511932 0.0393636438514001
1287 6321 13.3860679864883 0.0412898766195733
1288 6323 13.4629426300526 0.0401569874601994
1289 6325 13.4695643484592 0.0379799029463704
1290 6327 13.4599500596523 0.0381891073426628
1291 6329 13.5145316123962 0.040247216113663
1292 6331 13.5455090999603 0.0387821622195115
1293 6333 13.4168700873852 0.0367895116195469
1294 6335 13.145458728075 0.0358671299053457
1295 6337 12.9387634992599 0.0356452174855384
1296 6339 12.8368625938892 0.0367013899590957
1297 6341 12.8182621598244 0.0382051549044526
1298 6343 12.8597131967545 0.0395068957905012
1299 6345 12.8590631484985 0.0381139658294028
1300 6347 12.8944092392921 0.0404828934772284
1301 6349 12.966350287199 0.0396051542481004
1302 6351 12.9453114271164 0.0384242719065325
1303 6353 12.8203792870045 0.0377535441068483
1304 6355 12.7492678165436 0.0376278181498266
1305 6357 12.7907959520817 0.036838958114627
1306 6359 12.8674051314592 0.0367648072025594
1307 6361 12.8864914774895 0.0393197405130692
1308 6363 12.8319650888443 0.0421675194768494
1309 6365 12.7507046461105 0.042203802845025
1310 6367 12.6107837110758 0.0379928602686493
1311 6369 12.5878494828939 0.0365424392989473
1312 6371 12.7036816179752 0.0380444951655956
1313 6373 12.777892947197 0.0385545052765067
1314 6375 12.7528211921453 0.038898726129944
1315 6377 12.6426561772823 0.0367999634004842
1316 6379 12.4693090468645 0.0368267749372891
1317 6381 12.3968367129564 0.0348330450359869
1318 6383 12.5661299675703 0.0351550606101224
1319 6385 12.8633919656277 0.0362445987940422
1320 6387 13.0468586981297 0.0360707695880273
1321 6389 13.0833630561829 0.0359172963996028
1322 6391 13.1100671291351 0.0362588530785582
1323 6393 13.169153124094 0.0371831613421598
1324 6395 13.2207390964031 0.0376604103492734
1325 6397 13.2544818818569 0.0390413801831488
1326 6399 13.2297433912754 0.0389782108435933
1327 6401 13.1555351614952 0.0392592068168552
1328 6403 13.0790548920631 0.0373799758688532
1329 6405 13.0498782098293 0.0365151579493649
1330 6407 13.1464453339577 0.0358365096515138
1331 6409 13.2714331746101 0.0362817080436267
1332 6411 13.3741294741631 0.0357020006682516
1333 6413 13.4407832026482 0.0359563608565331
1334 6415 13.4156968593597 0.0364503474986173
1335 6417 13.3514094650745 0.0372029128799903
1336 6419 13.3372264802456 0.0377430492121878
1337 6421 13.3616063892841 0.0382802193202311
1338 6423 13.3964695632458 0.0387842988849098
1339 6425 13.4890376627445 0.040349284683145
1340 6427 13.5194271802902 0.0399197874213757
1341 6429 13.4903717041016 0.0394597586693222
1342 6431 13.4565178751945 0.0378842465287696
1343 6433 13.418752849102 0.0366846364734915
1344 6435 13.37430113554 0.0366919631435242
1345 6437 13.2692245841026 0.0355373406099097
1346 6439 13.0404625833035 0.034253610481716
1347 6441 12.8616792559624 0.0353186665379328
1348 6443 12.926416054368 0.0363764688370311
1349 6445 13.0956555604935 0.0378218569135782
1350 6447 13.2119995951653 0.0389464877660836
1351 6449 13.3641231060028 0.039599495318324
1352 6451 13.5568665266037 0.0394387633005782
1353 6453 13.6669016480446 0.0397005762031302
1354 6455 13.6488866209984 0.0393455542207928
1355 6457 13.5021447241306 0.0379054645672133
1356 6459 13.2907919287682 0.0368396571909677
1357 6461 13.1474145054817 0.0362033029483277
1358 6463 13.1221359670162 0.0380367698204286
1359 6465 13.1391189992428 0.0382941037143633
1360 6467 13.1628158390522 0.0391127167835338
1361 6469 13.1199884414673 0.0384398963198099
1362 6471 13.1296224594116 0.0404289527569228
1363 6473 13.2286630570889 0.0401142508553005
1364 6475 13.3149473369122 0.0403282402408396
1365 6477 13.338192820549 0.040212855744346
1366 6479 13.2493066489697 0.0394844464748457
1367 6481 13.1212130784988 0.043212035521322
1368 6483 12.9569252580404 0.0405805620376506
1369 6485 12.8741672337055 0.040999357332083
1370 6487 12.8998021483421 0.0393154922262734
1371 6489 12.9877544343472 0.0388192052768504
1372 6491 13.0840275585651 0.0393384679731693
1373 6493 13.263330489397 0.0367112419520607
1374 6495 13.4861374497414 0.0404037200700214
1375 6497 13.6280858814716 0.0446395139036535
1376 6499 13.6786527633667 0.0442624795759255
1377 6501 13.6625318229198 0.0430294217674058
1378 6503 13.6127628684044 0.0420652009745781
1379 6505 13.5703731477261 0.0410491591349641
1380 6507 13.555279314518 0.0393093971504651
1381 6509 13.5847024917603 0.0366634003019231
1382 6511 13.6632603108883 0.0364814686324685
1383 6513 13.6270492374897 0.0358118559565536
1384 6515 13.4584851861 0.0362199089596376
1385 6517 13.2866005301476 0.0367954779248085
1386 6519 13.1864830255508 0.0383018513772223
1387 6521 13.2354108095169 0.0388727087732809
1388 6523 13.3302489221096 0.0397438947164868
1389 6525 13.3552543818951 0.0391633202480557
1390 6527 13.3327917456627 0.0392500039390341
1391 6529 13.4409610629082 0.0392406007092053
1392 6531 13.6093110144138 0.0421717401835429
1393 6533 13.5836057960987 0.0417824029744927
1394 6535 13.5122068524361 0.0387816104906599
1395 6537 13.5015420913696 0.0369683875404691
1396 6539 13.4349974691868 0.0354967221568692
1397 6541 13.3348725736141 0.0366627464949917
1398 6543 13.2993842363358 0.0387735631874249
1399 6545 13.3098628818989 0.0389938743128316
1400 6547 13.3241875767708 0.0383981339582496
1401 6549 13.4564425647259 0.0393759458450868
1402 6551 13.7071538865566 0.0429114835436446
1403 6553 13.7872644662857 0.0439276084405783
1404 6555 13.6165750026703 0.0420846234532568
1405 6557 13.4579721391201 0.0386060389830086
1406 6559 13.4882937967777 0.0379745061226699
1407 6561 13.5093615353107 0.0378399587174721
1408 6563 13.4856767058373 0.038887835857081
1409 6565 13.5166757404804 0.0384192276009214
1410 6567 13.6212274134159 0.0388117544646559
1411 6569 13.7503329515457 0.0399676611531956
1412 6571 13.7896706163883 0.0401839950376397
1413 6573 13.736519575119 0.0408708832556244
1414 6575 13.5933899879456 0.0426414781460546
1415 6577 13.3664633333683 0.0425548662267448
1416 6579 13.2575878798962 0.0411187034725159
1417 6581 13.3628551065922 0.0381649277718524
1418 6583 13.5202136933804 0.0370901348616725
1419 6585 13.6285223960876 0.0368895481378117
1420 6587 13.6417351365089 0.0357071518705352
1421 6589 13.5742340683937 0.0368662168929073
1422 6591 13.5564590096474 0.0363868517628164
1423 6593 13.6213666498661 0.0385484962379372
1424 6595 13.7325656116009 0.0402339037371933
1425 6597 13.765825688839 0.0402348105202356
1426 6599 13.7575232088566 0.0396975917190461
1427 6601 13.8616588711739 0.0409378433058872
1428 6603 13.9676226079464 0.0409220966525241
1429 6605 13.9350497126579 0.0395254178263909
1430 6607 13.812858402729 0.038085065052295
1431 6609 13.6884074807167 0.0369164021543145
1432 6611 13.5756608843803 0.0355308571935802
1433 6613 13.4972361326218 0.035713412617165
1434 6615 13.479980379343 0.0369236281411231
1435 6617 13.4157527089119 0.0381754167066747
1436 6619 13.1752440035343 0.0380856142450452
1437 6621 12.819174349308 0.0376039979445794
1438 6623 12.5445561110973 0.039328691809635
1439 6625 12.5567135363817 0.038620107878515
1440 6627 12.8127934485674 0.03800503926142
1441 6629 13.0447021871805 0.0371570529394578
1442 6631 13.2114758491516 0.0368957070599719
1443 6633 13.3820800483227 0.0367524282381963
1444 6635 13.5591689050198 0.0364681430682716
1445 6637 13.7093803286552 0.0371084777220009
1446 6639 13.7742064893246 0.0373299592581867
1447 6641 13.7465700507164 0.0384433383165798
1448 6643 13.69222214818 0.0391268887715605
1449 6645 13.6503591835499 0.0397049158529775
1450 6647 13.6148300468922 0.0400840348560259
1451 6649 13.6639066338539 0.040555027554687
1452 6651 13.7847829163075 0.0389506108328746
1453 6653 13.8650009334087 0.0380408311331514
1454 6655 13.9208765923977 0.0359885576777773
1455 6657 13.9223222434521 0.0358567662539307
1456 6659 13.8939448297024 0.0366100853646288
1457 6661 13.8558634221554 0.0365273948920516
1458 6663 13.8261881768703 0.0375541346412403
1459 6665 13.9916889667511 0.0393573003010608
1460 6667 14.2035975456238 0.0412145717813855
1461 6669 14.2497916221619 0.0401973061460588
1462 6671 14.3533643186092 0.0407337811087185
1463 6673 14.7271198034286 0.0405724470205091
1464 6675 15.4421454966068 0.0393335986585522
1465 6677 16.0231101512909 0.0400533041549796
1466 6679 15.991679251194 0.0395189737196325
1467 6681 15.5677555799484 0.0389330757208303
1468 6683 15.2689522206783 0.0382697813610462
1469 6685 15.6357092559338 0.0382416236616378
1470 6687 17.2717700302601 0.0425439347422347
1471 6689 20.4420128166676 0.0476300465894221
1472 6691 23.7367405593395 0.052618930270189
1473 6693 24.5595223009586 0.053877512797682
1474 6695 22.2068309783936 0.0489789254842851
1475 6697 18.8246286213398 0.0442394227371886
1476 6699 16.5219455361366 0.0410469448648641
1477 6701 15.5018236637115 0.0392086161596451
1478 6703 15.0957931578159 0.0373657389566316
1479 6705 14.9802141189575 0.0382931493794204
1480 6707 15.3618220984936 0.0387431188122225
1481 6709 16.6798990666866 0.0416928080927597
1482 6711 18.6688203513622 0.0448711341390633
1483 6713 19.9446439743042 0.0486949815467988
1484 6715 19.3257261812687 0.0486061192179446
1485 6717 17.2915062308311 0.0437950858587087
1486 6719 15.2597718834877 0.0408739784405329
1487 6721 14.0471777021885 0.0390098796485337
1488 6723 13.4965542554855 0.036672119164799
1489 6725 13.3564728796482 0.0358856821208416
1490 6727 13.4255204498768 0.0365144469533477
1491 6729 13.5487144589424 0.036465557512932
1492 6731 13.6327390372753 0.0368901399370648
1493 6733 13.6097731292248 0.038740514870148
1494 6735 13.5180245637894 0.0400833889110087
1495 6737 13.4273027181625 0.0397668677370737
1496 6739 13.4202000498772 0.0397497414445691
1497 6741 13.5450307428837 0.0398823076473821
1498 6743 13.7098650932312 0.039291562905265
1499 6745 13.7966696321964 0.0384619535541946
1500 6747 13.8262404799461 0.0375523233576468
1501 6749 13.7789258360863 0.0368925901913967
1502 6751 13.6908229589462 0.0364935665968005
1503 6753 13.6243223249912 0.036994497591637
1504 6755 13.4878494441509 0.0372969711733172
1505 6757 13.4154921174049 0.0394185839224478
1506 6759 13.4517875909805 0.0394190579197925
1507 6761 13.4337103664875 0.0406879611117824
1508 6763 13.3383337855339 0.039709769190156
1509 6765 13.269228219986 0.0375122453478068
1510 6767 13.3399766385555 0.0369952208243432
1511 6769 13.3850786983967 0.0363909660800577
1512 6771 13.3519710898399 0.0356857184536832
1513 6773 13.3819636404514 0.0357856909987912
1514 6775 13.398615449667 0.0369561074840592
1515 6777 13.3890909254551 0.038199506879912
1516 6779 13.3778185248375 0.0390696610102784
1517 6781 13.4304538071156 0.040108063275195
1518 6783 13.457217335701 0.0405821346741058
1519 6785 13.4846518337727 0.0395597386325267
1520 6787 13.5476153194904 0.0386315057520658
1521 6789 13.4524475336075 0.038350266186268
1522 6791 13.2859691679478 0.0369020135832313
1523 6793 13.159120708704 0.0363756038996612
1524 6795 13.1010526120663 0.0359564479716149
1525 6797 13.1269339323044 0.0364848668814899
1526 6799 13.1641612648964 0.0383405870286109
1527 6801 13.2397769093513 0.0389881706208662
1528 6803 13.3999670743942 0.0398986622042419
1529 6805 13.4902955293655 0.0403206732752027
1530 6807 13.4360533356667 0.0395900630501346
1531 6809 13.3184154927731 0.0387005588467836
1532 6811 13.2390848100185 0.0377334869688036
1533 6813 13.2054179608822 0.037191702043915
1534 6815 13.2590790688992 0.0363863550673645
1535 6817 13.3839450180531 0.0370056010238196
1536 6819 13.4390025287867 0.0373969699036717
1537 6821 13.4258449375629 0.0380720510481506
1538 6823 13.4101149737835 0.0400097762864555
1539 6825 13.352929443121 0.0420806430421675
1540 6827 13.2372491508722 0.0461475277064289
1541 6829 13.0668359398842 0.0475257579168069
1542 6831 12.9546023309231 0.0465258184187722
1543 6833 12.9750251471996 0.0449529766661498
1544 6835 13.0589309632778 0.0419947121928788
1545 6837 13.1974640488625 0.0392301077166208
1546 6839 13.3021429479122 0.0387665678590352
1547 6841 13.3239406347275 0.0398415512304275
1548 6843 13.4546092748642 0.0387502278847583
1549 6845 13.8962718248367 0.0403962052212676
1550 6847 14.4650772809982 0.0420502923759105
1551 6849 14.6789581775665 0.042094315798641
1552 6851 14.3632654249668 0.0418849797786878
1553 6853 13.782434374094 0.0397710133751668
1554 6855 13.3538816124201 0.0372994147069804
1555 6857 13.2729174494743 0.0369913221391204
1556 6859 13.5140566676855 0.0385947128811264
1557 6861 14.1516034305096 0.045596714260688
1558 6863 14.5370654314756 0.051983231102531
1559 6865 14.2436132282019 0.0521845817001224
1560 6867 13.6775807440281 0.0481842243004262
1561 6869 13.6462058722973 0.0483359920874891
1562 6871 13.7207196652889 0.0513953978047787
1563 6873 13.6270776987076 0.0502758115114945
1564 6875 13.6639716923237 0.0447865925661012
1565 6877 13.7270742058754 0.0436109518388305
1566 6879 13.4759266972542 0.0419545615237347
1567 6881 13.190141916275 0.0404626159519752
1568 6883 12.9618793874979 0.040410596201647
1569 6885 12.6943360716105 0.0401296618556482
1570 6887 13.0775915086269 0.0435928411585818
1571 6889 13.2583101391792 0.0468578023295227
1572 6891 13.1466763913631 0.0451170384581801
1573 6893 13.2319014668465 0.0446156283937962
1574 6895 13.3020461797714 0.0429718643129464
1575 6897 13.2801403105259 0.043016829390113
1576 6899 13.3867383599281 0.0429731728144447
1577 6901 13.2515113353729 0.0430966363154404
1578 6903 13.4581147879362 0.04125583034641
1579 6905 13.2958110570908 0.0405507379928416
1580 6907 13.4177441596985 0.0417979733688111
1581 6909 13.3604416549206 0.0431882589370182
1582 6911 13.4507433772087 0.0480632584788578
1583 6913 13.4747871160507 0.0474706433619855
1584 6915 13.2905533015728 0.0439894388454192
1585 6917 13.0199885368347 0.0395778169774829
1586 6919 13.1012879908085 0.0394806692054756
1587 6921 13.1312984824181 0.0436895510726888
1588 6923 13.2722103893757 0.0461014956914189
1589 6925 13.0351559668779 0.0432623841076569
1590 6927 12.9387591928244 0.041105214076171
1591 6929 12.9983194768429 0.0397643388635995
1592 6931 13.1351447254419 0.0415668554082762
1593 6933 13.2099261432886 0.0419494090534005
1594 6935 13.1568040251732 0.0413156818313574
1595 6937 13.0460432320833 0.0432183780572208
1596 6939 13.0285974144936 0.0421629504366338
1597 6941 13.1234278827906 0.042560182402422
1598 6943 13.0771858394146 0.0389745241130418
1599 6945 13.1401800513268 0.0399497474012178
1600 6947 13.200197249651 0.0443607451346086
1601 6949 13.1441214233637 0.0475411133765347
1602 6951 13.0554507523775 0.0455492266503007
1603 6953 13.032139390707 0.0414855997350451
1604 6955 13.0437248796225 0.0422545707757204
1605 6957 13.1269273608923 0.0415919057494895
1606 6959 13.2280870974064 0.0407502047743404
1607 6961 13.394648462534 0.0398320319739614
1608 6963 13.3478494286537 0.0382019449609574
1609 6965 13.3273286223412 0.03799856434103
1610 6967 13.3098877668381 0.0388108308165395
1611 6969 13.2197155058384 0.040459193990406
1612 6971 13.1032885611057 0.0419587755097595
1613 6973 12.8894283026457 0.0412774347598964
1614 6975 12.858668088913 0.0426832595283751
1615 6977 12.9174703359604 0.0462056555300849
1616 6979 12.9360636472702 0.0453299134807803
1617 6981 12.9211261719465 0.0416949834337039
1618 6983 12.9170799404383 0.039191064689747
1619 6985 12.8867670893669 0.0382404153361434
1620 6987 12.781985193491 0.0379703470432396
1621 6989 12.6622415184975 0.0378920866325233
1622 6991 12.5889709740877 0.0385645973114657
1623 6993 12.5816874951124 0.0402908582335536
1624 6995 12.5737407654524 0.0415573823088548
1625 6997 12.678629219532 0.0412171630429532
1626 6999 12.8349002748728 0.0417023828898457
1627 7001 13.0078719854355 0.040688367775636
1628 7003 13.1241452395916 0.0403144683228029
1629 7005 13.0552253872156 0.0386308198634522
1630 7007 12.9926445037127 0.0384653477454538
1631 7009 13.0058811455965 0.0391937147888663
1632 7011 13.0470674782991 0.0417123043719881
1633 7013 12.9538614153862 0.0420312789703817
1634 7015 12.8568138480186 0.0415727061941207
1635 7017 12.821366161108 0.0419819639721572
1636 7019 12.9063702821732 0.0406632105377502
1637 7021 12.9829671233892 0.0402854128435119
1638 7023 12.9637582302094 0.0389430041772513
1639 7025 12.917045712471 0.039023488748863
1640 7027 12.9556136876345 0.038340821744792
1641 7029 13.128318965435 0.0396370771703975
1642 7031 13.4000030606985 0.0435406828103142
1643 7033 13.5506785936507 3.68112463707094
1644 7035 13.4624488034409 3.66912098511904
1645 7037 13.2055968381454 3.63395058278802
1646 7039 13.1255076380499 3.62291424657691
1647 7041 13.2247901711976 3.63659045964728
1648 7043 13.2700518259804 3.6428082334897
1649 7045 13.2904496284558 3.64560689439437
1650 7047 13.275960624218 0.0423452260014332
1651 7049 13.0945813208818 0.041586972271508
1652 7051 12.9103483706713 0.0383951840919492
1653 7053 12.8834997266531 0.0403572249629025
1654 7055 12.9262425899506 0.0413537024289666
1655 7057 13.0094360411167 0.0419429324845447
1656 7059 13.0186014473438 0.0424080466270513
1657 7061 13.0159020125866 0.0413467465369532
1658 7063 13.0557593107224 0.0410886141515043
1659 7065 13.047627940774 0.0403450468577674
1660 7067 13.0788854211569 0.0387263374295033
1661 7069 13.1174493283033 0.038238591245238
1662 7071 13.0803311020136 0.0396432679206297
1663 7073 13.0632358193398 0.0398620107209535
1664 7075 13.0590196698904 0.041473490485062
1665 7077 13.1236014664173 0.0423012010570419
1666 7079 13.0787963718176 0.0435267895398272
1667 7081 12.9257215857506 0.0419629808730397
1668 7083 12.8606424331665 0.0421791320313806
1669 7085 12.9163768142462 0.0401878448395088
1670 7087 12.9049762040377 0.0395182715999701
1671 7089 12.7957334071398 0.0382905843665018
1672 7091 12.7818495184183 0.0393286906683894
1673 7093 12.8598720431328 0.0399951461517175
1674 7095 12.9857451617718 0.0412267961703706
1675 7097 13.062253922224 0.0418410339606591
1676 7099 13.1281762421131 0.0435425989616991
1677 7101 13.1081278324127 0.0425434088816171
1678 7103 13.0652773827314 0.0417052570535205
1679 7105 13.1114192157984 0.040926857802418
1680 7107 13.0971732139587 0.040082924297239
1681 7109 13.0233899652958 0.0381517803687763
1682 7111 12.8229232430458 0.0384147078878773
1683 7113 12.6110175251961 0.039114976069433
1684 7115 12.5380257815123 0.0410964434768272
1685 7117 12.4539939910173 0.0647072820172712
1686 7119 12.5100104957819 0.0639540195884386
1687 7121 12.7793309390545 0.0650729217683801
1688 7123 12.9582989960909 0.0425272359096149
1689 7125 12.9598422050476 0.0398013026677708
1690 7127 12.9963361918926 0.0391889049458263
1691 7129 13.0338045805693 0.0398952880481835
1692 7131 13.0761981755495 0.0396841817026739
1693 7133 13.070825830102 0.0403774931045807
1694 7135 12.9774292707443 0.0413153157451256
1695 7137 12.8109195828438 0.04213913657164
1696 7139 12.7258875072002 0.0424793779016235
1697 7141 12.6696223765612 0.0426076419888893
1698 7143 12.6485431343317 0.0419199149553788
1699 7145 12.7663038820028 0.0424650815178248
1700 7147 12.6749494075775 0.0411700564817957
1701 7149 12.6710493266582 0.0401964417159092
1702 7151 12.7383403778076 0.0395046135528846
1703 7153 12.5809469521046 0.0397789514992382
1704 7155 12.5209651142359 0.0413355138904061
1705 7157 12.6596536338329 0.0429859902707334
1706 7159 12.7722731530666 0.0449893145605046
1707 7161 12.721098035574 0.0433253477693919
1708 7163 12.6827221512794 0.0425821794043994
1709 7165 12.725151181221 0.0418075683279029
1710 7167 12.8130664974451 0.0404350145464007
1711 7169 13.0131498426199 0.0415558317364815
1712 7171 12.9850850701332 0.0425485810067368
1713 7173 12.9670467525721 0.0438919200417825
1714 7175 13.1627870798111 0.0466438313307185
1715 7177 13.4574243575335 0.049024004559208
1716 7179 13.1901912093163 0.0469932037668545
1717 7181 13.0505786240101 0.0468990529058279
1718 7183 13.168377995491 0.0457337869888181
1719 7185 13.387672752142 0.0461009844133841
1720 7187 13.4027931988239 0.04563179082503
1721 7189 13.1868282258511 0.0440830854026897
1722 7191 12.9242949187756 0.0448711318565721
1723 7193 12.639869093895 0.0439371930016545
1724 7195 12.5281941890717 0.0458902359117769
1725 7197 12.417532786727 0.0462928576001818
1726 7199 12.1806243509054 0.0459045568957587
1727 7201 12.1951524168253 0.0465477138498899
1728 7203 12.10564263165 0.0444167461836615
1729 7205 12.1098428368568 0.043234043174925
1730 7207 12.2365037500858 0.0421426956094878
1731 7209 12.4962087273598 0.0417971496430883
1732 7211 12.590553060174 0.0417614385461853
1733 7213 12.5782134085894 0.0428759249932386
1734 7215 12.6273057162762 0.0432228915568166
1735 7217 12.6084554940462 0.0446513185678629
1736 7219 12.4982683062553 0.0436435578600296
1737 7221 12.2843312323093 0.0434065046614749
1738 7223 12.0571689903736 0.042622708840282
1739 7225 11.870672672987 0.0416245799918154
1740 7227 11.755423232913 0.0402634542634703
1741 7229 11.7464583814144 0.04081462821602
1742 7231 11.5625316947699 0.040963953103445
1743 7233 11.5147798359394 0.041979743742219
1744 7235 11.6299603432417 0.0460767737753321
1745 7237 11.7220344990492 0.0552563706931474
1746 7239 11.8685290962458 0.0640721113731373
1747 7241 11.6475152373314 0.0670786974537288
1748 7243 11.768790692091 0.0681249708896409
1749 7245 11.9630315005779 0.0635478183197648
1750 7247 11.8724467456341 0.0575029271388342
1751 7249 11.5487557053566 0.0471927925348289
1752 7251 11.4862053841352 0.0464955608274351
1753 7253 11.752770870924 0.04765498445454
1754 7255 11.9530810564756 0.0496011753259997
1755 7257 11.8775955438614 0.0475379457859323
1756 7259 11.7332986295223 0.0469516836029744
1757 7261 11.6424351483583 0.0451194671556505
1758 7263 11.5346112549305 0.0446445978992509
1759 7265 11.5020770430565 0.0437273226251442
1760 7267 11.5135958939791 0.0427996953656888
1761 7269 11.4498098790646 0.0425428600692821
1762 7271 11.115169107914 0.0431795365236003
1763 7273 11.1548144221306 0.0545193308170986
1764 7275 11.5373644828796 0.0706049630388983
1765 7277 11.8922653645277 0.0922041813215974
1766 7279 11.8763637244701 0.0838619409104913
1767 7281 12.1352570652962 0.0731308631878091
1768 7283 12.4424706548452 0.0619290821356313
1769 7285 11.9755431115627 0.0573831917068422
1770 7287 11.3675340116024 0.0504020273164945
1771 7289 11.3080542087555 0.0444904885297995
1772 7291 11.4778680503368 0.0449491564098616
1773 7293 11.6906636208296 0.0468982208109707
1774 7295 11.6873907148838 0.0489462613863647
1775 7297 11.5116542428732 0.0489857979385637
1776 7299 11.2938734591007 0.0480361895277645
1777 7301 11.3178067207336 0.0502478096555148
1778 7303 11.4463138878345 0.0510136023271568
1779 7305 11.5555275827646 0.0509735571598295
1780 7307 11.4241120517254 0.046570832442695
1781 7309 11.3059172481298 0.0439512076245917
1782 7311 11.2489524334669 0.0441751854453491
1783 7313 11.5971655994654 0.0527423152788476
1784 7315 11.9942944049835 0.0680211446751092
1785 7317 11.9074318856001 0.0710951589702752
1786 7319 11.6394717991352 0.0621996963243535
1787 7321 11.5709884762764 0.0510018445808226
1788 7323 11.5964151024818 0.0462288244645021
1789 7325 11.4148770421743 0.0445887406471453
1790 7327 11.323761254549 0.0475101390829525
1791 7329 11.2110094279051 0.0512278344175964
1792 7331 11.1253287941217 0.0502626568805295
1793 7333 11.0701824277639 0.0475830149700598
1794 7335 11.2117265462875 0.0472113693505081
1795 7337 11.0273565649986 0.051390367194115
1796 7339 11.4862839132547 0.0663029183757496
1797 7341 11.4495516121387 0.0707111146047697
1798 7343 11.2827821671963 0.0660389916327116
1799 7345 11.2366136461496 0.0531990899592421
1800 7347 11.2035236805677 0.0445679576768904
1801 7349 11.1914600878954 0.0444342413521093
1802 7351 11.2512821257114 0.0450825165392063
1803 7353 11.237143933773 0.0479510301605105
1804 7355 11.1670088768005 0.049460482439979
1805 7357 11.4307292252779 0.0561839222499771
1806 7359 11.3424356579781 0.0571304579203648
1807 7361 11.3771599382162 0.0551128433334383
1808 7363 11.2279883921146 0.0495672358227039
1809 7365 11.2207950949669 0.0474691110495419
1810 7367 11.4608894735575 0.0549358715174194
1811 7369 11.6662746667862 0.0635118481601075
1812 7371 11.6996531784534 0.0636934748633732
1813 7373 11.4199781268835 0.0569237669273283
1814 7375 11.5135808885098 0.0518573851879149
1815 7377 11.6433697491884 0.0501365124667829
1816 7379 11.6686499416828 0.0512076896572495
1817 7381 11.623191088438 0.050732511630509
1818 7383 11.725723400712 0.048869907109433
1819 7385 11.6151591092348 0.0473801253393564
1820 7387 11.6045206487179 0.048663693537478
1821 7389 11.5753547102213 0.0496169554559008
1822 7391 11.5478986054659 0.0542689983381968
1823 7393 11.8525123596191 0.058167822919824
1824 7395 11.745139926672 0.0562909779359844
1825 7397 11.5236147940159 0.0526672022967279
1826 7399 11.5281209945679 0.0567893732098731
1827 7401 11.7695935219526 0.0646959157181824
1828 7403 11.7514638155699 0.0629289262762549
1829 7405 11.6587072312832 0.0588591836793674
1830 7407 11.4424614310265 0.0503847648353467
1831 7409 11.6547174602747 0.0495335647657373
1832 7411 11.7016633599997 0.0537450132943349
1833 7413 11.7601340711117 0.0534899885206912
1834 7415 11.7273782789707 0.0571821067658686
1835 7417 11.7503085434437 0.0565776233286426
1836 7419 11.7581273019314 0.0567935118736874
1837 7421 11.711357370019 0.0538232328738192
1838 7423 11.7107164561749 0.0541808341980478
1839 7425 11.5465787947178 0.051423867951875
1840 7427 11.3903354108334 0.0525749218104566
1841 7429 11.5840867608786 0.0562165885035836
1842 7431 11.5275093466043 0.0579132418371138
1843 7433 11.2648710459471 0.0574791392688794
1844 7435 11.3232963830233 0.0594893266293542
1845 7437 11.6311398297548 0.0634663482191635
1846 7439 11.5114809274673 0.0651690859134738
1847 7441 11.5089140534401 0.0663372242188874
1848 7443 11.5531074255705 0.0590532422247096
1849 7445 11.7350920438766 0.0558135661111633
1850 7447 11.7909943908453 0.0548407187695493
1851 7449 11.914479598403 0.0578259830851514
1852 7451 11.6453450918198 0.0580461718436674
1853 7453 11.6145952492952 0.0593295809014285
1854 7455 11.7137238383293 0.0625741576504436
1855 7457 11.5084853470325 0.0634846824567473
1856 7459 11.6895785629749 0.0633769590152511
1857 7461 11.841986104846 0.0636942780466749
1858 7463 11.9133502542973 0.0631906700700446
1859 7465 11.7371056675911 0.0637666647198293
1860 7467 11.8491564393044 0.0647154440790929
1861 7469 11.7812682539225 0.0654881387505944
1862 7471 11.8371017724276 0.0700334460028752
1863 7473 11.711331024766 0.0758635240725439
1864 7475 11.8307077288628 0.0744457683420079
1865 7477 11.5848625600338 0.0727819600572303
1866 7479 11.6887054890394 0.0734911059884124
1867 7481 12.0619370341301 0.073887663224433
1868 7483 12.3003962188959 0.0765210517182437
1869 7485 12.3338126540184 0.0735257275761699
1870 7487 11.9244695752859 0.070219516209339
1871 7489 11.8964010775089 0.0659226222412536
1872 7491 11.9280958771706 0.0646118165681031
1873 7493 12.1324238926172 0.0701075557032956
1874 7495 11.7921147793531 0.0720775665263924
1875 7497 11.8280683606863 0.0689712371008536
1876 7499 11.6450216621161 0.0675588424349888
1877 7501 0 0
