1 6601 -0.0055867374998559427 -0.000170995188794568207
2 6603 0.114849598046188106 0.00351524099734319044
3 6605 0.11802001279601626 0.003612278967843492
4 6607 0.0534369445173350499 0.00163556286948906898
5 6609 -0.0103124656709425722 -0.000315637170063171621
6 6611 -0.07942771207560817 -0.00243107119714134354
7 6613 -0.120480718712171253 -0.00368759463691004184
8 6615 -0.0579059520655338389 -0.00177234731469493511
9 6617 0.0510514403968276298 0.0015625489275476578
10 6619 0.0751382571815195632 0.0022997823815384304
11 6621 -0.00191911530289523569 -5.87390196059108834e-05
12 6623 -0.0979219765800429798 -0.00299713148736154055
13 6625 -0.0867714016218990025 -0.00265584201919072003
14 6627 -0.0033917373090321945 -0.000103812065899730512
15 6629 -0.0374922829626207488 -0.00114753915029979815
16 6631 -0.136588804928999608 -0.00418062035072544295
17 6633 -0.170310858646834262 -0.00521276280276841003
18 6635 -0.119445149690797336 -0.00365589862106462105
19 6637 -0.0292578848126474611 -0.000895506104841579985
20 6639 0.023829573552477612 0.000729359922245322598
21 6641 0.0176229801483653858 0.000539392591413212106
22 6643 -0.000346562041837472634 -1.06073431541320394e-05
23 6645 -0.0167013453888884555 -0.000511183800558002283
24 6647 -0.0583107793477672942 -0.00178473800202479192
25 6649 -0.0445354518119369658 -0.00136311183241201537
26 6651 0.0360025215425832101 0.00110194151209239166
27 6653 0.0949324305842615956 0.00290562942878587515
28 6655 0.153258925883102748 0.00469084845430980772
29 6657 0.167732467906912319 0.00513384511397947229
30 6659 0.145255859396169029 0.00444589585632144697
31 6661 0.0944890753765026403 0.00289205950403896312
32 6663 0.0341605808555982549 0.00104556460239733071
33 6665 0.167139881094939824 0.00511570760639243772
34 6667 0.372136484151409874 0.0113901088723889383
35 6669 0.460363236192700143 0.0140904953005003344
36 6671 0.656642122548278806 0.020098070424555331
37 6673 1.14925559523087095 0.0351756597629267406
38 6675 1.97796597419635667 0.06054028226593057
39 6677 2.65642023644936032 0.0813059643237368096
40 6679 2.72497013769497265 0.0834040946378324238
41 6681 2.43602314241805651 0.0745601949539339975
42 6683 2.3364650618834446 0.0715129866722705454
43 6685 2.98655563324974693 0.0914105315250967193
44 6687 4.98410848137480933 0.152550315952247634
45 6689 8.52561283590181596 0.260946353126850217
46 6691 12.0659745865896273 0.369307418234265827
47 6693 12.8899633477057698 0.394527524562026943
48 6695 10.2968583168283807 0.315159470428383215
49 6697 6.56301922797085346 0.200876578142107992
50 6699 3.94261058864817393 0.120672833109975536
51 6701 2.6977659364442701 0.0825714463294074663
52 6703 2.13383623597057515 0.0653110567725596197
53 6705 1.88409878707267353 0.0576672571087179509
54 6707 2.14166002235952391 0.0655505220831637397
55 6709 3.35507909306329921 0.102690055323676963
56 6711 5.26522915278762937 0.161154672660170722
57 6713 6.4866432827701086 0.198538913419306573
58 6715 5.84160804418427837 0.178796098868958114
59 6717 3.8240728927314489 0.117044709237487138
60 6719 1.85915242802783887 0.0569037153502733178
61 6721 0.740041886516698 0.0226507155748903871
62 6723 0.259608979169458465 0.0079459409730618883
63 6725 0.124363052599708368 0.00380642256037701633
64 6727 0.132633980017919484 0.0040595736696639028
65 6729 0.16894196659306715 0.00517086465466688738
66 6731 0.189853450377148292 0.00581090960357055677
67 6733 0.155357299097387269 0.00475507408222722826
68 6735 0.0944883397816784765 0.00289203698943614907
69 6737 0.0381187054341349807 0.00116671227751125191
70 6739 0.0288678123066361536 0.000883567022002858119
71 6741 0.101595261896672895 0.00310956098959421987
72 6743 0.183638348375371407 0.00562068184717449525
73 6745 0.190711513754845186 0.0058371726433627015
74 6747 0.171448015633067996 0.00524756815626051774
75 6749 0.11946040732463814 0.00365636561669118029
76 6751 0.0700870193325382473 0.00214517741403188501
77 6753 0.0718184410834386 0.00219817163278403878
78 6755 0.013332844184962056 0.000408082930088434425
79 6757 0.0151531032840708235 0.00046379622399479037
80 6759 0.11988189178761921 0.00366926613605928799
81 6761 0.163059683121812071 0.00499082358906529668
82 6763 0.109183579392423624 0.00334181922310751445
83 6765 0.0460336603201962902 0.00140896801354278042
84 6767 0.088427201712461212 0.00270652165987529626
85 6769 0.0933729483732701482 0.00285789782244189917
86 6771 0.0322934619384973587 0.000988417053986507654
87 6773 0.0523145619265115158 0.00160120972097930721
88 6775 0.0665026181710555164 0.00203546841958941955
89 6777 0.051788152063508619 0.00158509771394303159
90 6779 0.0329083095014102156 0.00100723590400458624
91 6781 0.0821828003824336406 0.002515397128900886
92 6783 0.114727857136212918 0.00351151483160052442
93 6785 0.159696788797230482 0.00488789433027287355
94 6787 0.256183471613660174 0.00784109528964897599
95 6789 0.21485385259783385 0.00657610548001481398
96 6791 0.117829738770270254 0.00360645518554550838
97 6793 0.0554947018756593025 0.00169854535398724716
98 6795 0.0281038266541546733 0.000860183451379434197
99 6797 0.0336132748979842688 0.00102881302143384185
100 6799 0.00926100366320348201 0.000283454712138793126
